20.680867 47.265801 -5.012819 403.999236 101.807821 -469.047114 639.710567 -568.248463 1180.455912 
32.777269 -0.981405 33.590455 274.960846 -125.661132 268.974708 890.431628 -16.431536 465.343063 
6.491324 19.700675 23.723874 454.781473 -40.097540 104.390158 44.905086 210.897679 1278.499773 
2.406586 22.270240 40.356011 443.322159 -54.541052 -459.977578 526.520349 210.747436 658.005988 
34.893767 70.422115 16.769097 735.214636 -343.479702 150.568437 806.908519 -179.357581 59.775894 
-43.150522 50.516153 8.306593 2049.307038 -233.571036 559.720262 976.445649 -51.864056 191.010583 
22.683940 30.753335 33.607812 945.052566 674.420747 191.607207 729.839270 -23.479825 193.280961 
53.891673 -12.578916 25.944263 468.065683 -373.273114 -34.573866 755.575639 171.777915 226.577083 
55.044307 -14.832568 10.151229 1265.473584 683.403259 511.831480 1886.488209 778.442803 469.704423 
-15.799479 13.527349 0.677886 859.403673 -391.420651 519.700078 330.556812 -184.253293 350.738481 
27.410646 18.783554 -16.690606 173.172832 87.118063 -326.623882 112.275554 59.744794 1506.988920 
20.942125 22.915614 27.974355 231.477875 130.994830 -122.422642 276.802514 95.416138 213.861928 
44.844397 -20.875028 20.750347 446.312263 -264.628573 -192.827386 1023.737691 -239.910557 232.157004 
6.229072 -16.429180 2.484111 373.111863 -201.477475 -118.437260 1336.967263 802.177766 486.747443 
33.256494 16.652896 28.976648 563.833813 -31.176886 44.736827 62.183111 -176.665155 518.515716 
37.007555 31.924874 41.737915 1504.417455 -159.296668 -1137.900602 538.400343 257.501585 2510.608835 
21.100001 -1.159771 64.377693 242.767704 75.068058 -63.303129 163.265347 -263.995741 522.335218 
9.311909 21.911723 92.235861 77.472628 34.705130 -216.737089 629.272569 15.559746 2357.341122 
22.474039 -6.574624 4.226416 1081.104724 -818.407657 1053.265293 1155.146156 -664.518461 1520.963847 
48.911461 34.456486 1.795735 1587.138696 -47.913522 -470.565968 159.132488 -90.582901 819.572646 
27.631542 32.737459 0.574315 475.757313 -111.045362 -247.337556 856.156076 -315.930851 680.310332 
12.545021 10.673964 24.159130 1721.671145 -62.572190 -694.032386 145.726397 -24.936250 342.067522 
46.111413 63.166144 23.292136 614.435307 569.947620 -171.809865 890.254868 156.486981 359.163800 
-14.494304 1.971122 29.414709 863.372380 -87.760463 -334.675321 159.457993 46.448024 180.219637 
20.164231 -7.745664 39.126397 208.159261 112.329486 15.994774 396.984970 -199.824327 136.716724 
-8.478672 43.893161 0.354531 849.262956 369.724296 1059.842815 718.354765 703.492272 1450.795250 
-14.163939 24.579245 -8.245135 514.149879 7.725409 714.019414 219.638032 190.412094 1403.694582 
62.489705 4.550529 27.131055 1266.452119 -280.279197 -153.488110 143.373991 34.650997 310.827872 
26.331981 20.929352 -8.232508 461.154668 -80.442544 -263.999874 779.601474 -475.453821 1554.724696 
0.056996 37.955003 20.689745 544.758345 -399.130583 280.522946 556.115012 167.442759 760.640838 
54.928605 -21.871307 41.766128 1167.163706 -1055.283439 391.839676 1135.273636 -243.419368 478.673407 
18.422360 39.539030 2.851097 70.213566 -156.010260 -402.969359 943.061712 544.997512 2520.195222 
-16.063304 -0.331084 25.691511 1128.538891 118.918929 225.579458 289.596067 205.162848 374.910651 
74.308885 14.502073 18.445866 1081.261698 -393.932819 -830.645532 1538.983474 753.773478 2211.696953 
9.598914 1.479155 4.349533 297.164077 120.673710 -100.132817 175.317188 135.059045 279.465513 
6.666062 8.399750 48.202139 366.981687 405.455495 -67.711428 1092.423476 -708.339073 1629.596685 
101.712360 20.755274 2.297946 3740.351649 673.160144 -350.587185 216.277363 27.279282 118.723605 
45.405650 21.575228 15.440287 873.912094 852.531846 264.350906 1797.533009 1090.532411 1125.170109 
38.199118 14.678091 -0.529327 872.323623 -250.968319 -707.518187 1737.769735 526.209875 765.449991 
-4.859881 85.218837 42.985070 191.703496 -258.318899 -116.321343 784.858275 191.229402 198.793079 
-9.679837 -12.213787 59.938951 783.325434 199.985168 -254.781041 333.150371 -565.691471 1296.545725 
43.418944 15.110027 24.506516 787.223233 726.314123 -215.269693 3833.810604 -891.715559 227.179854 
63.956819 49.275302 -8.670629 887.081958 1008.525378 -535.619757 4041.140062 30.589643 468.154771 
-4.804340 -33.326476 44.899853 235.128976 3.041330 -529.825231 764.117222 -106.278102 1547.292531 
14.375266 42.450990 37.365169 2037.460356 554.011475 -292.502845 462.961681 -45.083168 241.773470 
18.476186 30.192499 19.910168 422.521575 236.605506 199.418881 338.299211 5.032725 953.651081 
17.809533 41.792787 -22.286013 55.318048 -60.684172 20.851559 1559.769384 -124.430568 2150.738857 
15.979527 11.015722 35.557091 147.343609 -169.281017 144.914295 490.491255 -51.684035 642.935331 
16.282846 17.839656 8.508212 189.047174 243.933084 63.398376 317.256453 116.829592 696.300242 
18.816680 11.358559 24.910195 302.771741 344.511595 406.507009 547.390761 825.405714 2166.727411 
3.272260 45.933947 6.208296 558.774163 -799.905238 409.336328 1238.173352 -702.521552 536.314788 
27.890300 8.642769 20.114221 202.377072 -162.225562 -165.588043 188.683400 33.352167 327.467358 
-3.335612 65.352099 -33.068155 996.124461 -495.826130 -101.503559 486.090427 -330.471228 620.662684 
7.744213 -10.736863 94.834962 267.435652 135.411058 -499.637861 350.785756 -837.539190 2148.567605 
-34.983004 56.585774 -1.409134 855.279918 -411.525007 -113.083123 520.832050 191.261508 626.307519 
85.105648 66.295820 9.115654 2562.015473 1545.823488 -853.622280 1158.480690 -474.620073 407.106952 
-44.247755 24.350743 10.329941 1760.379738 330.046973 206.659446 275.951175 -69.363892 455.718983 
43.976388 23.092795 36.546591 1366.791710 244.422345 491.217761 56.107199 53.044343 862.221753 
23.069977 11.638938 52.314448 392.332827 101.094858 -651.326849 143.541400 -294.026837 1769.725350 
34.988982 25.750131 68.521457 945.238104 222.459655 -91.450209 264.619197 105.757861 524.309874 
20.395694 11.541929 24.107012 883.763264 299.067394 624.418038 948.841683 392.099260 479.897231 
15.477868 91.293771 10.380865 7.716457 31.346510 32.722082 1358.923420 -272.465259 544.335079 
7.805691 9.529186 -18.807264 690.454208 -485.300228 126.085203 862.506450 963.614565 2195.496279 
-12.711461 53.859881 12.355523 375.784274 -500.358409 120.157393 1378.915390 59.396606 662.980972 
37.051922 26.470376 60.905407 604.233054 -198.347109 512.545035 1864.677818 89.345464 1003.236029 
1.534773 23.068019 21.797077 1344.130950 -849.256305 557.738251 1174.693346 -141.630785 562.662605 
1.879510 66.282459 -33.094777 561.341044 -14.329320 -195.914254 1268.579466 -422.466500 1989.408930 
46.929679 10.712513 11.369200 884.127740 194.479988 166.273437 957.932252 504.223470 362.346445 
-2.191272 -7.401856 13.569523 621.364075 862.867517 111.954402 1229.466402 63.537669 1128.502326 
54.626738 -9.870343 37.845542 1627.415617 -216.736866 41.355643 670.070577 -248.082545 155.697387 
2.371990 33.004068 32.739958 381.728586 -320.773652 -223.490747 502.599830 -3.107124 315.525524 
-45.183840 27.154313 18.841454 1462.863831 -270.816053 247.700573 249.762631 -144.600726 109.771456 
-28.896065 -22.402755 -38.504971 1029.660542 331.359770 -127.904658 296.566204 382.941282 1149.064589 
-37.894508 -35.276205 16.105966 2096.640930 192.493222 -161.725497 2328.826966 447.474356 193.287043 
90.126029 46.300686 -66.773213 1343.757631 948.733295 -1166.504872 926.883158 -498.124863 1569.960581 
15.481508 24.639861 18.003827 221.174393 117.646197 94.996608 241.243447 -88.058751 153.345630 
3.952913 29.873748 48.201688 281.426787 -153.082099 -613.747703 168.236005 352.178578 1375.220958 
5.051951 31.909902 15.424135 1174.616624 325.259297 -32.626882 1129.711806 -740.320280 776.418104 
55.236533 18.287233 -4.351185 902.608973 -497.906332 8.107903 1272.123191 -1185.563154 1469.585426 
22.778548 25.841284 41.272392 388.037777 340.999573 290.559869 921.407429 221.606644 660.777724 
27.105560 20.253022 81.231368 232.053130 59.649610 -1.156584 54.119492 7.561145 482.386934 
22.480049 26.592630 18.262045 463.091371 304.707397 213.737304 525.654223 156.288774 175.178570 
2.625160 43.757002 16.385059 502.364693 -136.162713 338.259546 597.668058 -0.486292 244.747799 
-3.528625 61.822819 5.995938 668.227901 -407.881617 147.250420 457.201367 50.912615 698.813460 
4.619139 40.690851 -6.609356 409.329709 94.068424 431.975391 807.755908 -416.282872 794.081234 
-18.866731 -14.004665 38.903653 1223.906534 861.420940 -262.897246 1487.017907 -681.930414 358.993713 
21.380242 18.573404 26.639591 379.972198 -40.277725 226.554967 160.977063 21.828887 153.920089 
25.339753 40.197449 23.984848 104.960761 53.522475 -108.075950 1948.026539 713.519307 426.615325 
38.968736 30.411043 54.700597 1963.516265 -33.432661 636.309351 830.697029 236.468352 450.933100 
29.685018 0.219597 -35.142920 1554.823599 -730.047056 -841.811220 435.881161 678.248608 1509.448222 
40.457718 25.763669 16.289836 1057.810313 947.736629 -303.101778 934.626745 -302.010512 166.427100 
32.638046 45.287540 64.826790 427.520279 339.683506 51.632585 510.871275 316.416639 1408.929508 
29.377509 14.729231 -1.174680 268.159888 -314.839790 -258.429158 1299.814393 -842.440806 1663.115038 
27.875978 22.073514 33.029325 229.543268 12.597074 73.341376 197.445410 302.490245 481.506196 
54.470224 21.114756 11.614322 1179.351945 110.156053 -325.819343 413.214128 -1.198077 101.695535 
4.528338 -14.606714 9.259094 951.344440 652.407818 -6.424019 874.262986 186.183337 1210.865814 
40.196517 -1.549441 64.396737 338.273724 -130.173895 498.448292 290.140514 -364.879520 1031.845867 
120.792588 -11.745679 -9.286781 3176.323149 -967.259698 -1066.643858 333.017162 442.372714 717.533798 
25.200970 17.838020 20.010429 484.259378 -32.507945 -84.762816 64.585311 55.349422 56.402083 
24.375868 -12.757428 61.880977 1282.866909 -356.900925 572.651734 674.616449 -786.934924 1279.774680 
19.095585 24.610637 13.259412 2082.944130 -539.604147 -335.106869 503.192419 -39.459254 203.993764 
33.726297 -12.389086 23.097732 1385.138614 -1055.589888 -567.812264 974.020354 370.336672 255.730394 
8.966584 65.824274 5.239865 197.347442 -297.739498 114.216247 3095.501211 -271.339793 302.346810 
30.765257 48.487926 38.241265 1243.511705 -289.574432 -1451.065534 429.210320 682.506410 2180.752962 
-15.318490 7.733129 35.725688 1688.408557 217.858049 -808.787095 1077.334520 271.414792 575.183275 
4.820428 13.535525 18.372884 1473.976481 -13.513324 -660.544851 620.218853 312.136186 490.019868 
6.917556 41.872515 51.100626 1147.289722 409.467755 -113.396383 944.818853 -72.696757 345.115336 
0.583522 52.024758 44.862387 586.510820 -586.112794 -464.986441 761.270268 532.206936 783.378158 
32.022573 14.166090 27.491468 1242.686842 14.629266 218.143179 202.279231 422.614869 1733.906743 
67.853454 40.237144 20.453188 2017.630429 414.893275 25.135979 311.741629 100.812938 63.900710 
12.573772 18.962387 25.036181 220.812119 -178.278799 -423.613100 196.396330 522.292509 1553.817256 
25.977178 36.234294 -5.657905 748.711876 -6.125963 -747.430460 43.846305 -23.212293 793.110177 
62.584702 -15.522706 57.589603 475.991269 -108.519938 340.009261 461.396269 -232.142711 332.709070 
85.494362 -21.783451 12.943385 3229.882035 -1848.055738 321.374384 1066.389350 -127.714323 413.498375 
25.393516 -2.798451 -2.980940 645.140494 417.097096 -676.895778 1715.090201 15.978617 969.448086 
43.944198 38.290419 56.000305 361.893064 374.122601 330.838494 1135.621680 1032.490002 1848.842547 
22.092193 8.826418 26.729985 1331.253606 630.425883 -26.035113 877.163803 244.517331 162.407548 
16.445263 22.004716 12.595067 21.135122 114.288557 -67.544481 646.812279 -485.078365 1035.867701 
-7.550992 37.270495 53.443438 1031.372578 550.959595 -844.696141 1393.624988 14.529715 949.540277 
9.903920 49.819106 96.818635 559.077111 -815.034216 -280.672603 2010.942111 1181.172974 2329.349389 
-23.996719 11.096578 10.042427 366.824870 -347.394005 134.166797 1175.078716 -43.841510 64.425075 
12.768731 22.429964 25.677959 456.248983 -60.390642 -64.306033 442.034411 -163.538186 94.881637 
54.434482 -33.674733 20.476246 591.586647 -148.348231 338.941998 1696.845562 983.321584 944.548735 
26.119280 19.318039 -7.909537 1199.507713 277.475481 -336.741116 562.350465 152.876080 1836.032093 
-6.825319 13.209584 50.436781 225.079555 -146.525086 -29.896863 909.359993 -30.352862 350.594382 
5.935646 24.713248 25.084170 2530.598918 688.222731 645.792087 743.779116 209.234808 180.963651 
-0.046334 5.309814 85.886074 850.501203 -290.244248 -514.306716 558.901120 -320.646799 1558.088930 
41.933511 59.218948 27.598839 745.264106 604.615976 317.220878 892.206660 169.286059 294.869882 
13.663902 10.593301 66.705557 732.621328 -534.183239 -478.241929 734.871485 268.137313 2157.192213 
19.097554 27.315821 21.904232 438.888308 -82.026289 161.023536 132.171304 -25.763694 128.593309 
51.755748 -1.939703 -15.229271 313.923438 -272.588778 -389.328656 291.998255 440.799590 718.406900 
-23.198850 72.432543 -11.319657 1105.513096 -851.019644 632.390262 936.915443 -466.242734 475.195827 
75.890795 1.253215 49.067841 1328.781188 101.159696 -271.128059 115.869241 -150.449439 399.201578 
42.028222 65.455840 -24.214997 109.493762 164.016992 -170.318835 413.089663 -466.050716 762.790356 
21.965674 -19.399341 56.740459 562.204396 129.159024 118.009118 553.090856 -270.216478 262.656142 
-53.390151 14.270223 27.248820 1615.345122 91.879706 -121.580197 144.546014 410.847306 1388.641516 
35.944280 -22.845237 48.129012 108.817720 -214.865830 110.509596 1437.065246 -705.564524 1082.856429 
-48.473745 -22.396031 11.767525 2660.378333 599.971304 69.628835 2358.459536 494.908913 226.782633 
14.660516 -2.477149 5.734713 386.922194 -72.991573 32.765605 171.215694 60.939635 36.585015 
33.407028 18.683487 17.054435 1514.389965 1132.802151 658.351110 1079.889701 401.460063 752.960515 
56.787192 39.275038 56.693419 2301.618665 16.272873 1678.094504 128.340351 -218.223326 1897.929589 
63.140330 79.605465 60.537484 1823.876126 755.673616 161.619012 1057.078268 593.439547 794.998744 
50.658501 15.012350 -11.001632 468.091302 -172.997681 -51.186949 187.750476 150.747597 466.138332 
-0.044552 30.676760 67.190076 224.288391 -211.168086 133.214495 422.573516 -131.558885 1079.251385 
36.984849 -6.597052 39.706612 323.607115 -146.696409 -76.882546 275.620120 -218.273658 784.259713 
22.998718 28.465658 27.161440 612.111896 -802.914227 670.853658 1881.775121 -1003.219964 756.160772 
13.710272 24.088595 30.016138 1146.322263 -355.141234 -684.015067 155.802600 165.465763 565.406914 
-17.920419 109.182254 16.491037 420.444889 -661.337098 350.613165 2614.308964 -88.851055 1555.464484 
-22.092566 22.667234 66.133884 1433.967009 43.454511 -166.991275 119.027067 347.793228 1357.422164 
11.484956 41.823661 5.039062 646.945514 -1015.643122 -71.314385 1695.850406 17.995783 928.361119 
14.927827 -18.702538 61.524912 841.453116 60.756583 333.600100 849.675248 -1124.567343 1721.542943 
17.956371 -26.836892 34.145452 620.654548 111.545839 932.705962 1250.794489 -867.014239 2880.946658 
28.923380 25.784674 -42.093706 370.366356 317.712499 588.895053 1026.516045 195.924389 2208.146013 
19.564430 30.835711 52.845702 557.780843 -334.611263 685.066616 317.613320 -220.155059 1355.611000 
4.226841 -15.893663 35.683148 188.556438 -3.580116 -241.708378 563.068913 144.564542 354.842548 
22.009410 -33.957754 15.428528 623.732177 203.204905 -156.505977 934.754675 119.478406 180.041603 
23.719070 41.529412 -1.462582 1540.069856 1401.156046 -804.114890 1612.278540 -988.525481 652.807971 
68.573892 38.151453 28.089589 1511.974165 703.155509 139.270201 759.022639 -144.338926 524.814364 
5.330199 42.486531 19.528647 414.360269 -57.601536 -277.584501 386.366130 -156.451009 286.614472 
3.436960 -12.256959 54.728799 764.609641 45.695775 209.307185 266.909349 -184.680779 680.288461 
18.056371 29.188970 16.969871 897.575318 -1286.939446 605.204089 2404.613548 -1002.613477 516.199657 
40.136674 38.968980 -2.132592 562.795397 461.148980 -562.122477 716.061138 -771.451957 1043.473525 
46.911308 43.794816 36.437132 866.426197 252.893894 405.921102 182.670430 56.246215 286.226340 
31.375965 25.232846 -13.024847 706.832368 -232.881760 -561.238963 157.796306 153.736698 682.414004 
16.742670 39.953520 32.730271 557.768781 -365.999681 -352.212555 2721.498515 125.216504 775.338176 
26.372380 18.864008 29.871413 369.306394 76.506434 337.304050 305.406905 546.442606 1372.903484 
125.362583 102.839609 118.255787 2024.234228 843.099628 2027.466128 1154.953180 1127.446730 3074.152993 
-2.737214 3.322313 47.701898 666.878243 513.531918 -578.216104 803.452961 -815.967908 899.968296 
-27.533958 17.010022 -60.443212 525.985839 145.701068 1043.728161 557.263131 148.942526 2695.998730 
-10.224417 -46.673172 33.146548 1871.313185 1341.893636 151.135272 2076.193028 -671.346666 638.584904 
-7.552186 43.892813 25.407242 626.251641 -22.246975 252.828059 154.638562 90.095686 259.923435 
-30.196275 -7.498676 -14.121169 1036.915703 267.844030 288.351330 384.842627 112.152929 444.362054 
18.562050 20.195491 0.992136 709.613383 -223.332356 -1373.952463 84.299811 485.863830 2965.980530 
13.095659 -3.355723 4.186460 101.697836 368.774929 390.010038 1871.967745 1493.346182 1527.040691 
-6.419252 13.781969 53.785810 1368.937756 59.717649 -1644.227322 1077.085518 -457.647360 2183.375169 
-3.966243 8.426182 25.471908 1139.582433 249.593201 -182.389885 878.057138 -190.501504 71.797940 
27.248191 -15.315620 43.016541 392.776283 -256.895927 324.878086 1051.427315 -312.929796 830.380207 
32.766243 1.885172 52.014134 79.416628 -74.204808 5.509984 1799.059415 -617.776090 338.920338 
49.212449 13.458330 -19.523798 1823.981124 -524.026354 -259.017869 159.454577 89.713127 421.303845 
-0.787457 26.280953 29.311615 3368.555794 -1092.134868 1099.429682 598.644630 -237.019127 1301.308515 
-1.764801 51.019835 12.547472 1927.223393 -337.009627 -65.019700 539.145517 -138.483088 76.790604 
-4.659495 -40.375172 79.224317 582.399405 267.530108 45.195375 531.517607 -465.761600 635.820785 
-31.953961 12.298172 74.920370 1291.115320 141.640211 -1387.917668 340.386003 -315.563197 1918.114441 
46.511662 45.016270 53.332719 579.962985 156.159926 727.153860 162.970149 143.868263 937.823816 
16.283649 1.889580 23.932387 1544.742481 -537.201631 -42.649826 523.318897 35.134031 9.471954 
18.969366 55.345019 -12.377875 545.582166 -175.310781 63.463732 788.777894 -733.987835 703.006077 
64.598891 95.877833 23.511206 1162.507884 701.719006 157.227421 1571.109193 -6.684076 34.114684 
20.495816 65.089149 89.398857 752.278122 -175.440688 774.863317 674.653789 63.425524 2177.786212 
33.101808 13.289211 14.820089 241.251935 -113.536520 -217.189218 123.332905 311.063410 823.872544 
40.165826 47.727359 11.461563 395.723582 47.908568 194.153262 343.029979 -82.418167 324.238846 
-0.373666 25.939372 34.103192 1210.179779 -448.314733 0.797905 168.894148 -4.832668 128.527730 
-12.158189 55.646749 43.419333 1064.112000 -771.516581 393.507626 1051.195269 292.409100 893.988227 
13.309820 87.408971 69.666044 295.870476 -91.147227 79.336335 1883.868061 1053.452909 1301.513565 
3.483528 4.772697 44.385272 577.549114 275.577656 -538.680976 238.172459 -300.553473 599.410511 
25.282615 33.632513 0.385327 1082.032592 1067.011325 -166.595164 3855.575052 249.415567 2399.924344 
-26.585507 30.543273 11.381746 1752.484337 -549.333124 -365.017917 258.590718 150.810430 444.829108 
4.364945 1.685585 -15.618891 238.452129 -57.558498 280.090721 416.133052 47.023877 613.462095 
25.084439 25.301496 62.592035 1543.951159 862.746951 83.617031 709.161664 121.175846 1768.449335 
-4.459047 29.861775 25.455724 433.651507 -240.681645 -234.148136 240.390592 466.795660 1314.213948 
20.333317 -0.579429 -13.676287 762.273527 -353.132706 540.878851 415.611390 314.050421 1666.579533 
-5.227655 45.944572 33.698587 941.851627 -1300.013527 -446.565672 2827.611607 1179.075353 552.111162 
17.628914 22.956897 22.496070 18.889739 -13.264910 -49.197217 73.840065 90.315108 1024.227714 
-31.609318 4.358669 27.526725 2505.879625 310.906611 -463.091485 1475.698384 242.150859 169.635833 
-48.984961 32.197994 118.793719 925.917904 -577.115234 -694.741394 784.700487 -415.167505 2312.726552 
47.795906 22.297093 67.634445 623.032231 74.107778 374.084552 624.834478 -340.835468 1150.376603 
25.979256 26.257555 -3.032556 106.954971 45.898333 14.676763 61.307772 13.586442 1005.135682 
51.642184 30.299492 19.884967 2097.252476 837.823392 51.823270 349.989371 25.503552 44.956121 
24.232863 -16.748888 -4.378979 254.421701 -311.687118 299.337105 589.551841 -172.255024 1632.696424 
39.711238 44.993785 46.122068 183.220707 26.798125 7.819262 444.115410 646.019023 2028.949838 
20.378087 95.260251 -7.840476 214.946261 80.836802 398.527629 757.987452 -214.101537 921.617015 
30.334425 21.522584 6.551440 375.906718 -112.020255 502.411915 254.388669 -586.166301 1745.488487 
6.046585 29.740413 45.867004 506.335679 -86.583170 -293.546217 936.942072 1076.859744 1558.106444 
20.258647 22.641584 -15.891973 1246.507251 -261.507473 635.366666 59.201831 -145.464736 538.174120 
-37.328390 11.674633 4.373602 700.635516 76.200339 217.747054 59.811519 30.073146 986.076267 
56.805175 105.348616 73.432010 717.509879 520.190021 441.409070 1987.232059 468.393019 766.203597 
-21.834127 21.974672 29.841030 2345.762634 -312.275981 -117.334261 471.327401 -736.532012 1715.207912 
-2.705889 60.226309 -32.622252 155.349883 8.502639 237.528069 2119.540277 -1035.302390 1064.695765 
-10.335804 15.114015 14.532764 2584.813814 150.775914 50.671737 643.195549 145.398016 68.478118 
55.345079 75.833470 24.101419 319.748558 494.242496 -15.291420 1410.705649 43.259064 29.419448 
7.699103 11.888428 -4.922911 81.708482 84.348027 -18.221570 96.603778 -109.170303 1167.068427 
-39.689608 -43.502784 8.516130 474.547468 133.334354 405.078783 1105.827487 -394.585402 638.200625 
60.402565 46.911854 28.655497 1036.715875 740.029194 78.790035 582.225807 153.495357 250.286743 
13.066274 -5.061832 28.339827 475.851069 -216.580903 -136.705178 334.503483 -56.499711 306.758345 
45.734367 24.515734 1.189718 2078.636307 617.699460 -407.248782 216.791087 -59.521874 481.631843 
10.953656 18.035263 -15.458378 1186.180178 1010.244834 -524.243736 2447.732126 45.029398 595.220019 
16.282629 4.623052 23.710701 565.575597 100.403732 -366.047947 2084.415967 -292.735286 977.282782 
-8.174325 18.262819 20.557055 504.144781 159.367514 -266.566088 1831.712837 -290.968583 242.036869 
17.951358 8.899517 -11.381040 302.823660 -400.617931 -437.558624 563.184886 687.588816 1077.160809 
10.978474 32.007950 29.567915 400.037312 -16.624096 102.029646 425.359794 213.872100 166.614614 
45.784890 9.824694 56.323135 609.662928 231.490880 978.906876 656.513577 965.154457 2466.553387 
45.410752 25.021823 39.762079 634.979129 96.821938 374.959660 233.933385 74.833409 223.142963 
-18.907773 13.150710 -66.723933 521.606185 187.622112 634.825802 313.727381 377.901669 1467.021313 
22.881916 7.976131 0.404894 30.997714 -7.213863 -37.791723 155.448965 290.617975 1025.570348 
-57.349595 12.097150 -26.967641 1217.965872 284.420012 899.453135 262.728688 334.421586 825.612077 
19.956644 21.536145 17.288031 651.912814 -605.482969 -159.431054 569.732719 166.419503 1449.782245 
21.192087 46.060411 -5.841691 41.273497 178.274090 -132.788005 1882.375393 -899.100563 853.834660 
17.109350 34.795912 18.724361 512.486673 173.214440 539.682489 330.612595 144.859742 588.562740 
18.946980 -2.703614 14.720975 687.955259 -657.823457 176.645781 2719.434091 -18.491241 97.442052 
11.397678 33.304179 -38.661967 333.197309 -196.823716 -143.445334 349.377168 -92.840903 1449.968734 
15.133490 22.712937 14.439294 321.962122 69.131857 -309.716759 361.151735 281.215954 998.149731 
28.067325 23.656613 11.313328 223.006368 226.772690 -263.044424 668.984821 -279.063344 1049.430899 
11.409770 22.281178 -17.378272 100.318327 -124.039259 186.129230 162.174159 -160.803786 896.063794 
10.560370 31.697534 -16.895311 18.083611 -89.294946 35.596486 1600.684051 1520.883055 2553.570642 
-28.742111 31.775811 11.095396 1809.380909 -750.563713 -522.523903 1389.135707 -333.210695 549.751180 
24.030787 62.899894 -24.635619 808.293741 389.156431 311.294290 1334.188550 462.121876 744.982412 
38.408686 8.081787 32.025427 1161.023582 -381.487264 535.446606 1040.286864 29.818847 293.217133 
34.821199 15.894116 65.194102 423.218345 -275.702773 941.735441 413.260463 -589.000835 2299.021731 
94.564654 14.380350 -11.867087 991.131207 -64.246928 -443.654039 250.884944 -50.827472 224.262749 
13.154909 110.411523 80.983313 161.045091 76.711714 25.573828 2054.559830 1242.059803 898.573414 
64.754153 -5.163955 25.338107 1300.859710 -468.409316 237.593152 224.607065 -82.792982 74.320038 
-3.429743 -13.292634 118.039719 390.746071 175.863905 -726.356546 895.772657 -703.508793 2653.470528 
93.707572 45.295118 9.286898 1109.605992 164.171024 -513.299353 313.013946 75.738012 512.328361 
-13.988227 29.761406 3.270792 1486.329007 -928.118887 561.923804 625.572035 -365.551256 1155.451284 
5.487588 28.945627 18.025410 485.324067 -138.989502 -177.624818 44.883291 47.001686 367.756788 
38.991954 10.772528 38.618169 1211.404928 -661.304112 -265.600607 673.555953 -54.793635 496.565951 
-33.358524 8.671947 33.345463 1076.427139 754.018683 -352.899009 2257.145445 -485.765278 229.822263 
38.577310 35.288909 1.417265 226.690836 76.718824 -254.564913 485.270412 -86.422864 385.218560 
10.027037 25.216393 26.061903 369.711599 -320.791981 -186.726872 819.535106 1014.673923 1462.051466 
59.391805 30.605443 -2.763382 547.702180 -354.631197 -707.353098 1137.493168 1156.634642 1494.567950 
-19.937336 43.154768 43.394141 1421.999209 -1353.962250 694.514953 1950.426079 -1047.870239 1847.563054 
-18.821309 14.338842 20.763376 999.295982 -68.180512 -238.372893 550.160492 98.698941 103.571490 
33.051442 21.928567 40.570281 2279.789095 -997.856077 347.585236 1090.053811 773.094849 1381.558486 
2.233045 20.586089 23.895416 472.801584 3.427698 217.177042 735.001007 -406.416506 382.605667 
33.378328 97.842837 -56.453076 1490.782389 -1173.779061 1642.917392 1676.639944 -2065.984558 2633.988055 
7.890161 -20.607660 62.043464 406.674616 -598.413698 -65.973178 2130.922747 -804.003757 660.297921 
27.799913 38.663139 9.894400 101.743418 115.616719 -114.937674 202.728950 -163.069849 306.113543 
34.358263 10.883835 50.574647 884.422558 -390.820536 1199.200172 1267.145031 -750.260131 1782.760133 
-42.912878 61.542385 9.781845 593.792596 -488.018922 144.347579 1363.903647 253.810627 242.049015 
78.062266 94.700566 -11.687324 941.565111 954.377697 -543.249050 1183.590475 -582.018659 417.814254 
38.551716 6.084085 20.033495 1333.553775 -502.865299 -105.679667 2358.428484 -330.318206 74.022343 
-1.436059 9.056537 48.134450 430.922563 448.011683 -425.848669 1118.678337 -421.119751 834.101019 
95.281873 7.894071 40.133154 1441.206229 -73.152143 108.138121 447.429946 97.565509 467.907263 
37.114730 30.674672 46.496883 659.430799 -59.291421 681.684078 619.041679 -151.350005 934.609708 
40.929460 -29.277608 9.090570 2695.097725 338.464451 497.912925 790.385562 593.947310 609.914761 
57.759623 23.348170 37.118359 1731.853800 -28.480094 421.706178 1748.137382 251.870523 148.729363 
33.725901 31.310126 25.008027 732.286263 75.009906 -93.076956 414.222801 -33.541517 241.050754 
7.866718 25.272741 7.283945 56.255166 -58.038466 83.194954 438.058539 -208.395630 231.166598 
-2.027081 28.147358 65.555936 1001.084707 703.461598 -604.395187 1321.785048 349.815698 1210.136881 
-78.517023 109.531757 35.547407 1473.889654 -1314.307598 -45.057781 1445.435389 575.287944 1051.649425 
13.173772 60.265517 12.304016 260.380917 -253.810189 -831.716920 1089.040875 1099.797019 3261.207923 
12.961797 48.262767 50.656121 361.672361 147.553045 285.419464 572.695350 456.845525 486.527312 
-1.453482 31.410089 -11.502605 364.430811 -78.755985 704.358779 143.922371 229.215189 3461.431852 
13.698544 1.587753 16.037325 360.604319 976.918020 399.686788 2832.942981 1152.558767 470.539439 
87.343251 26.252858 21.243954 2913.488456 -311.047530 -212.744029 211.072504 72.782465 42.029004 
-32.158763 -33.370877 -8.191335 880.558612 809.854053 638.617681 838.260036 596.796974 554.211877 
64.374956 67.594453 2.840819 1128.396720 387.877054 216.739916 916.128803 -307.359693 460.692302 
2.610916 41.364779 23.910312 356.008286 -616.127286 -141.830863 1243.748910 580.639488 690.681792 
-26.715484 16.605095 -5.933626 1375.955346 913.678139 39.692805 871.108549 -294.315065 924.040752 
7.651951 10.482925 31.610178 601.260043 48.935726 221.483353 427.134341 -621.200865 1256.171316 
-35.910345 60.298795 52.826634 1836.337469 147.091388 -595.184534 1435.183757 101.933153 280.893773 
10.336928 -46.457628 100.199487 925.067173 243.022629 -672.188268 757.461272 -893.669872 1309.924337 
-4.383234 52.927844 51.931373 2732.767941 -1113.023873 100.659596 1447.017309 426.523543 463.656924 
7.110420 53.890741 38.957511 73.622039 51.693627 27.102367 1067.857328 240.963473 1140.379255 
6.245612 24.686185 23.550596 804.322131 -428.350382 328.720113 251.517015 -237.687490 392.960916 
-26.969043 94.339338 -23.444256 1209.082011 -1170.931896 795.379778 1627.780598 -988.684957 706.031660 
2.579383 64.387785 11.336517 1150.540873 -679.181718 -159.792929 1326.248108 -408.849751 315.166808 
32.132283 9.742542 22.608023 1081.293027 -278.306538 -208.201186 232.002681 -568.961177 2512.301305 
1.245956 45.271061 33.243936 895.926887 188.763518 520.999348 2037.792690 620.087831 479.853927 
12.930867 10.582081 18.717392 83.627594 155.191863 -129.382073 701.597786 43.964542 663.189708 
-34.534189 51.745933 10.805943 1318.127077 -909.546512 317.499503 803.957047 -293.729938 330.908591 
-6.558874 57.123598 20.308363 3507.669599 -49.751465 1009.989625 344.995519 -33.059641 438.359286 
25.033547 27.331252 27.662129 344.466459 -151.328587 -521.059300 323.097949 468.843570 1614.370114 
28.678093 -1.880225 35.103402 1783.440476 -489.978115 576.790824 776.991827 -484.534170 353.885201 
9.249885 30.513147 25.799385 512.597919 186.153357 773.520888 751.797157 16.883650 1377.320373 
-40.878886 37.452018 -23.524975 1522.752563 -726.928565 1461.738139 599.708928 -1207.400490 2471.003374 
37.301838 4.622554 36.009304 143.800751 -37.144689 126.689960 543.819319 221.826724 233.402334 
133.270598 16.855508 -1.478213 3524.927777 -2371.542579 -859.971648 3300.213866 609.151726 215.414048 
65.806087 24.763939 76.685141 853.668531 185.542053 556.524067 331.160426 -103.597257 1590.734528 
52.253579 53.881303 31.834529 1342.274459 384.837656 -530.642693 1520.088750 373.082017 1977.308556 
-21.543761 75.572952 12.438772 967.807610 -785.164231 52.952334 1592.506751 -350.744211 131.341889 
-8.646576 -6.501169 -14.057396 647.363240 143.557630 159.751350 329.928266 469.513678 770.879929 
52.912990 10.863645 57.764442 1160.632653 -761.711354 508.015710 1218.174027 216.729183 817.972358 
23.812073 -24.674671 9.717925 134.917351 -334.818246 -293.423255 932.693195 771.735755 740.961827 
43.242172 14.018052 -7.662708 940.752891 264.052192 -840.036466 1310.267578 374.676853 1272.102007 
37.408609 -24.953560 33.119961 429.374631 166.717368 -286.331423 1093.942455 -700.782969 584.665380 
19.986686 -23.503241 49.475057 2056.231180 1779.709317 23.404030 3014.246423 -501.819576 227.357310 
7.663793 31.320839 -76.835361 227.256476 -647.452046 796.756837 2226.247299 -1776.329243 4631.750257 
-45.982741 46.360882 -17.144516 1228.273126 -327.207365 443.507982 171.073521 -319.889228 655.343129 
-3.445599 31.760506 25.214430 1460.828822 185.612930 404.309757 300.995921 72.484765 168.870640 
7.810769 17.807336 23.234442 113.419725 3.001812 61.237240 464.308216 -420.585060 552.695928 
41.896913 18.690972 48.277995 1719.357849 276.834264 627.813604 412.100339 45.846815 319.936588 
-13.761076 72.223196 95.200036 489.418791 -416.536655 -673.696854 585.612949 862.392193 1299.669529 
27.225560 -12.825015 24.369642 193.184528 23.300228 -374.057449 1864.657183 -1177.719025 1421.134952 
28.494709 20.217091 15.498155 1003.689703 134.756371 595.343865 20.968297 50.454138 805.720799 
-0.849216 -51.627278 53.236516 1452.025099 700.468904 -317.695113 1092.419232 -344.415142 200.759594 
-23.082406 17.955805 36.920275 1244.664773 144.133867 -394.248625 188.794660 -91.244903 387.634904 
3.386626 39.464725 22.829074 276.092361 -279.258505 -209.701552 412.104659 355.422483 517.371468 
-27.660598 7.754783 57.358481 1006.965648 -6.531130 -803.370756 422.543658 119.211437 785.861448 
1.381095 8.896589 17.127657 978.108201 395.597313 766.073451 196.442762 239.866258 735.265742 
0.323449 9.442886 -9.140016 2816.052939 718.849327 1009.950517 251.886768 373.973749 981.805113 
6.274301 31.942392 37.717465 800.725188 -77.791310 -982.256509 1071.070513 464.244184 1341.835965 
30.611522 10.701388 57.696924 869.797420 110.420908 360.068197 155.783815 132.437569 928.257508 
54.109171 48.416395 -6.784703 576.688248 -361.317175 -127.115165 1003.135430 -225.520529 368.937793 
-18.510339 23.377227 69.115345 1000.455652 377.831551 -684.559500 394.197688 27.501055 1263.461465 
47.087248 -38.122462 19.775385 905.412698 -198.046096 440.813405 993.192786 -175.078031 437.583062 
45.801384 49.162490 24.287055 679.271272 -55.444735 -85.820991 1152.236356 245.991557 534.709133 
19.848780 5.025764 -0.460026 229.135566 262.995525 227.363705 1364.667165 235.832990 1336.957317 
-10.530729 2.971147 -18.084906 784.952096 -60.219782 758.284914 597.000122 596.176446 1472.883429 
10.164691 10.407011 24.974634 311.920083 -43.538507 -146.329964 180.219616 -110.374603 436.247360 
5.791565 -3.964072 40.373066 133.973413 246.812083 -59.383568 614.162821 99.653702 526.720366 
-0.343683 -16.498583 -27.948827 646.872538 -45.513839 -260.391988 1503.374508 -258.437734 835.233946 
-19.633808 16.812492 -15.347331 1938.282658 591.293241 1229.046804 1985.380530 634.936272 1909.331274 
24.434731 34.117833 5.244520 1871.001628 24.652308 1104.814115 765.067493 -209.817719 833.783849 
17.105440 39.979597 34.723920 897.045341 915.705414 -316.703476 1461.206921 -300.416423 251.981053 
6.116528 12.580914 25.505659 574.199299 328.456415 -257.172985 654.554455 -998.350835 1673.481752 
-4.105517 33.396446 -8.535834 2477.316472 515.853746 -864.129947 670.832863 -592.942013 1282.081600 
44.386695 1.164871 16.047749 1781.235069 -180.452775 584.664590 944.440774 62.920517 299.382360 
10.829388 21.112876 38.529303 2365.966661 -786.194419 -773.800467 1080.739453 -313.245133 751.011538 
21.487066 36.201487 114.165258 350.623131 37.456514 79.753750 558.013173 1049.738826 2790.596710 
2.971867 -3.658276 3.881644 139.779161 -34.308578 239.947448 504.567119 -58.898570 886.065317 
127.278086 -20.079460 -14.694474 1744.098983 -412.874529 -566.723663 395.596156 323.668100 1136.382255 
33.569239 38.735491 40.657911 1452.353065 437.285996 548.634507 548.975166 256.573306 364.683583 
-11.184731 40.899369 13.716094 1946.099560 -1378.524708 -109.566141 2481.913685 35.731863 130.854016 
12.186093 11.742104 -28.251798 177.840082 215.856698 -148.161383 786.764701 -41.667834 858.218003 
30.175901 26.559685 1.001862 264.522148 -147.343239 79.003806 921.812371 -489.381326 484.705652 
32.121413 6.429017 36.549881 288.825015 -186.208536 5.557973 182.198772 -29.054957 1039.564192 
36.843541 0.774639 46.250384 545.620165 -631.449132 495.137757 1007.260295 -687.776750 699.839534 
28.241381 77.269472 24.485011 506.223158 493.273124 -127.904229 781.203380 -52.960558 288.333405 
-3.152213 26.336260 20.823662 1257.305538 -1547.664227 720.724217 2214.553811 -1056.329891 505.626903 
14.517482 41.878021 0.971501 98.740044 -72.315348 -2.693461 266.906669 -66.904321 817.407768 
4.325322 23.379565 44.024751 205.503666 -251.286236 -191.269170 745.830854 384.014069 357.811418 
19.991336 -12.823854 101.410080 214.645185 -28.597877 320.701476 573.856768 -266.867832 1161.380340 
-11.795303 17.201620 -10.656504 965.242040 -376.080212 887.484878 1200.501683 237.345022 1138.618692 
24.528587 19.440672 18.293100 812.896674 -57.058667 -869.955614 149.111128 159.712817 1168.524952 
-16.642790 27.765960 64.541024 1099.419857 -276.481757 726.267843 704.198145 -155.565375 1520.960935 
8.369788 44.757787 -9.987227 381.054569 -392.257983 97.565143 985.264419 74.735828 1068.713044 
36.880678 -10.573342 20.851917 305.325686 -313.329401 -37.248324 531.663974 -60.040991 81.272566 
2.824638 0.405963 48.942156 530.759133 124.929357 -554.795914 737.722071 -350.203543 658.805619 
59.677976 43.237108 42.547995 1648.123251 967.162598 537.327261 765.761942 161.985290 430.010872 
34.192682 13.413246 17.496268 267.322782 -76.746430 -173.316895 331.952746 -109.967859 302.151151 
24.334830 35.713942 14.519869 2136.767759 601.601239 1067.180890 364.336583 273.604423 940.829500 
74.004696 10.746312 35.612123 2180.017716 -157.584001 -298.045083 162.702152 -202.264131 478.604665 
96.357025 21.096427 -38.993413 1281.802768 247.199776 -241.875295 116.654858 202.529680 982.770433 
-7.709400 64.430861 71.557845 957.422560 320.896182 -1194.737094 1678.909270 -310.441847 1541.013152 
-19.802678 45.976860 23.956449 1801.804074 -84.272281 -451.845211 388.077985 -82.289159 193.155604 
52.209259 36.593919 8.560710 614.506731 228.514953 -255.767530 302.412597 -25.346629 131.002757 
46.952555 -65.209409 122.568578 1458.437781 -134.354660 554.729844 1146.423059 -1266.510869 1514.224754 
34.297238 41.150408 22.162472 1445.811817 582.665017 927.089116 543.290054 730.701987 3429.032738 
15.775320 24.908740 0.873968 161.387471 -157.977904 59.316247 1080.652530 -305.613641 479.074827 
24.672617 16.039038 -9.651304 252.238772 507.768737 429.299057 1115.058837 1099.085874 2663.363305 
56.045984 -67.265339 -21.960023 1719.115757 -162.852020 -773.593049 1366.503985 555.374172 534.814202 
12.003905 58.736602 34.222264 137.639008 140.784371 137.167415 2597.747084 1144.001423 560.936491 
-8.547976 19.292031 66.356600 401.000804 409.764452 -619.270127 1385.252799 -913.419076 1979.102456 
14.149478 29.755674 38.145903 104.693708 -67.741848 -154.524273 89.979170 126.527513 516.166953 
3.613799 -5.214933 2.916428 368.991138 211.235793 -420.015185 475.168784 578.189054 2503.916235 
43.368388 4.804883 13.345369 1142.387858 -647.999239 235.575724 508.233319 -3.059450 701.337993 
28.952495 -0.905660 35.001173 1075.766348 -1038.010757 7.774930 1699.933054 131.005016 384.876523 
52.159104 16.940474 3.633777 1021.748825 -120.751701 -841.015845 190.381838 18.158002 931.346650 
29.640655 18.827646 23.646647 1093.793928 13.416757 514.858973 7.949472 105.142947 1497.791177 
98.940586 36.604576 45.076015 2184.512987 863.134097 -84.753816 1637.187992 -665.639602 454.171780 
-23.507080 35.882172 28.254828 2739.734684 -683.692230 -352.434897 268.729710 -40.210408 1284.300928 
-24.253724 41.941702 40.218332 492.987496 -362.514439 -263.845477 773.908273 281.134187 166.347054 
9.421733 14.280715 25.218986 883.997240 -67.732905 444.956317 223.635402 -260.419911 826.644178 
7.431670 51.091438 -6.314732 25.164000 32.170940 44.556769 1399.082287 -322.394946 1383.164761 
41.290854 40.388308 12.921221 525.819228 -128.375519 61.266523 854.561753 -616.966310 604.903614 
19.893529 67.830212 -18.867345 150.765245 -12.382766 -325.465716 1220.334912 -892.375537 1430.133225 
38.079310 8.268260 18.454614 612.683348 -443.547071 -256.496778 581.529407 215.936238 737.740982 
8.075086 44.662629 17.968671 221.582583 -294.340997 -275.462296 502.810512 186.138811 647.873347 
48.869337 13.860418 89.457316 687.594706 -172.638076 574.524424 115.785226 -40.153399 1002.091897 
9.465067 55.578859 9.213384 774.317329 552.004026 995.767009 799.650680 648.020923 1293.177381 
36.906273 20.156411 0.845886 305.564579 -307.411843 137.129451 580.197787 -476.830684 589.728693 
38.949273 31.960216 19.587091 2795.593584 -108.004283 -1107.391781 148.691250 167.071905 628.886485 
33.272037 -8.616636 12.548220 582.940368 -582.959021 -618.201360 1808.983009 -149.848981 1137.193388 
31.415887 26.528240 36.128219 1603.344063 -454.742962 -688.791717 405.072357 657.279774 1068.724788 
21.740665 -36.298349 109.761157 2495.383100 -131.299879 -394.544752 587.972091 -619.199853 1696.789094 
24.159866 41.957723 49.839378 372.850706 738.270523 -14.832107 1717.466301 129.259352 825.230448 
21.137268 -3.652084 40.431505 786.194372 -294.362986 -278.500574 969.812873 -645.014512 752.246238 
31.379468 -1.201759 21.725792 646.484251 -931.494469 339.513005 1371.753541 -482.744148 270.698802 
20.741000 87.855052 63.998569 270.349304 -153.150147 205.834823 1619.322919 687.792769 876.833048 
-56.042974 30.288887 10.409440 1915.491951 -234.191252 429.610487 387.669911 94.248513 319.404322 
27.798207 2.771343 9.108872 1525.284482 1119.391619 106.281030 1274.056389 65.939304 327.791705 
0.357030 -7.346895 9.607243 1567.458630 -891.992226 -109.940775 2582.635774 1140.032804 768.427751 
30.927869 44.539140 50.253952 1548.758492 -220.196896 571.429271 1671.423832 1237.327945 1285.955986 
18.192861 17.635320 22.464576 197.131775 -470.210017 253.431490 1296.412562 -528.184169 440.353034 
-0.560510 33.639764 21.559892 4195.190872 41.595549 3338.391124 643.255067 444.467017 3106.178826 
8.813545 -29.662514 49.448940 129.597287 197.342147 -318.251682 721.550385 -589.653064 826.451552 
-9.478219 21.278035 14.301461 1652.970325 440.362388 48.730118 1332.518234 -726.942644 472.525590 
16.690066 -12.168088 68.539945 913.541747 83.839180 -939.582482 1164.153520 -1736.221641 3390.851472 
90.961498 -26.456562 33.329677 1096.071495 -690.653009 141.717044 602.987089 -380.130717 529.379505 
23.329145 43.565507 45.002682 1152.248550 -102.532328 -73.834877 2025.703461 1406.017737 1439.765296 
50.142596 27.104592 58.356231 982.935461 56.471332 297.119485 42.690107 117.210931 435.293094 
14.340089 8.260069 61.532844 18.432029 -3.759587 -26.786078 20.449233 -55.360333 226.976422 
24.284667 17.742646 29.489622 1207.068627 169.539781 64.461609 101.300928 -71.487938 109.759488 
21.959442 -5.689903 50.243397 757.333045 -967.751715 40.543424 1611.473137 -472.766557 532.527021 
13.565975 48.539759 43.693752 1349.021318 1076.286011 357.971296 1512.059083 863.929188 1199.892995 
4.753387 16.042915 37.693790 973.566178 -32.102808 -650.190497 24.358816 47.449318 661.997253 
22.963765 -20.105408 -4.836592 16.281306 -51.850725 -5.252043 530.226777 405.956935 440.693454 
43.440303 16.957420 -16.832683 193.777531 -122.569230 -221.355989 237.947501 -23.027419 709.800132 
9.661712 56.994716 7.904245 111.615222 -313.495854 -178.727131 975.837582 352.860251 535.877553 
78.560793 66.466513 -2.677817 1013.798590 294.765069 -973.414432 1339.338127 371.459080 2883.556258 
-42.014861 -9.272986 55.527093 1050.784789 629.985685 -194.146265 440.295955 75.298837 876.386141 
-48.059331 -49.348159 83.577406 1002.812762 897.401198 -1070.041989 1096.644100 -1026.953633 1268.980851 
26.017302 -13.542937 62.219425 761.438602 153.245366 117.761254 469.279476 -463.985567 990.342352 
32.374141 27.942393 -0.788165 1198.758835 -24.336838 8.117527 223.803199 -276.391370 444.692174 
4.805994 -0.980952 13.538068 270.422603 -208.687273 -12.987038 519.802220 138.758724 276.155998 
3.678917 16.654462 22.185636 909.152279 109.871281 296.430262 1485.378376 360.323674 183.244617 
18.210824 33.536114 -61.980920 1385.705744 649.345338 36.640584 449.897536 -268.414305 1272.118931 
-1.897890 34.389979 -19.036825 265.285572 -138.904970 400.767552 478.414743 -340.439707 1892.448741 
6.836266 9.735961 38.526193 1480.839131 1271.692353 538.440418 1385.248850 144.104195 1231.129460 
27.413692 55.140178 15.377215 660.160137 113.409612 161.909745 836.522391 -8.894345 1161.700985 
30.309331 6.082621 -8.884624 198.515709 424.543218 -191.856003 2487.309872 270.253079 479.309552 
-2.215014 11.513549 34.754123 765.250412 398.592724 -207.120264 231.017325 -39.504516 966.001445 
64.474196 7.427704 -52.988311 908.124054 -62.883422 -853.556627 81.600825 -98.853433 2506.655445 
34.665638 48.045648 69.303875 127.516384 63.967911 148.266115 700.604868 491.513562 518.287595 
-16.490412 81.355419 -11.452426 409.996258 -528.709709 217.951527 1073.736097 -620.063096 409.464179 
3.556334 101.270896 55.441303 848.455893 -390.840092 -245.460451 1263.539203 549.114316 271.596928 
76.800528 17.122961 -17.559005 1432.802858 -29.289963 -644.776904 83.403838 38.029956 448.052968 
9.987813 14.489269 31.204151 462.118692 380.289270 -291.575152 339.469025 -133.902903 628.654547 
-15.178090 40.911534 30.869431 410.961373 -367.645956 -191.852681 2902.515760 13.512715 1078.036912 
1.295909 104.196145 21.702246 471.049115 -94.412945 298.443998 1716.864603 324.601624 317.352230 
-13.881111 -11.839815 -11.223528 1106.227678 579.132473 280.944159 555.037674 312.219147 244.885606 
-24.943614 55.450989 33.192190 1099.531128 -618.521569 -153.402922 679.051547 134.377638 125.603387 
10.018894 71.284592 1.801261 579.777237 -768.983590 -52.596563 1790.530664 -270.193018 161.715206 
33.472874 14.836499 3.180079 1889.771789 -967.124012 580.218881 546.727963 -373.367534 450.930907 
15.698491 21.765545 11.287182 193.908839 -281.102294 30.076058 419.985930 31.123049 1017.923168 
28.718648 67.384799 45.293677 269.613733 -7.852961 193.823638 2326.485916 -172.279485 570.289382 
14.590131 28.641446 14.501156 984.958861 315.199780 408.541478 699.758313 875.832791 1621.552409 
56.461230 42.836661 -10.753120 804.407466 27.673146 -207.449821 215.777146 -200.433134 305.751528 
5.020501 28.815768 7.272320 239.671810 -129.057908 126.904939 78.329163 -92.856954 135.566983 
-20.303383 85.855528 44.289135 863.054519 -756.006390 285.603083 1262.507587 263.392755 553.166710 
9.516063 35.597948 20.629039 571.952280 121.326842 -26.864950 776.775914 -43.772722 140.292743 
9.509035 48.239671 62.084802 542.653244 -612.905811 100.894409 1083.145924 517.038989 2296.533232 
11.744736 57.601219 36.158044 24.037694 -225.006074 1.216423 2304.847826 -301.995776 617.432349 
21.469925 40.910376 9.691601 152.939950 -327.603510 -150.248936 1073.381195 174.836186 693.222059 
107.120982 87.109721 39.990644 1231.293481 141.156121 -210.288021 2192.517905 544.289217 371.522940 
24.542872 28.956192 5.956433 462.656602 -155.818248 -162.020144 2833.496851 -340.657301 323.350791 
-15.012169 44.771154 4.937276 1059.747430 -832.989409 408.331163 1108.977519 -83.217004 321.097012 
20.042599 10.849220 -11.120833 696.786685 -1373.852932 105.118717 3160.952579 -441.316059 2074.389643 
62.644805 14.813839 -37.121813 802.795575 45.404208 -1290.033686 152.536723 -271.679350 2718.357958 
37.320584 38.234906 9.617983 1076.015735 31.323318 183.699284 341.926035 -96.462461 112.646287 
11.512369 10.065595 32.749834 596.144614 903.969432 338.303462 1459.731207 727.168136 844.200989 
-21.632500 86.746383 49.606786 320.478150 -402.503435 -343.064003 592.951574 363.800624 418.852299 
14.792939 18.441233 14.331357 566.532268 -12.394371 -381.177527 52.319430 -157.126650 1407.993511 
-5.106078 27.722907 43.547094 295.104926 164.144642 176.228118 1712.617964 475.305552 492.297313 
22.192888 28.164966 9.447572 1365.658497 -63.304225 -250.831612 1058.355702 -599.826637 643.036664 
30.552341 18.608047 24.430441 1017.675853 -109.935314 -732.941304 72.967971 93.725692 1703.332390 
3.019895 21.597804 69.280940 575.568988 516.548795 -41.438082 574.118492 220.863991 882.195869 
99.067794 -24.939593 -57.433687 1478.330070 -312.665855 -1025.599054 879.961574 939.123353 1375.842647 
25.010377 30.850408 19.846910 366.203407 178.941192 -75.244913 268.152236 -75.344543 29.306356 
38.888265 8.553926 -22.423223 819.735567 601.185150 -857.707565 577.754297 -467.812742 1206.542877 
8.393024 44.772742 1.618339 1799.410294 -640.307780 -29.029952 505.622216 -147.228625 175.679526 
-1.299900 24.188751 22.053783 1117.542638 -30.330410 -201.802315 501.765047 -413.356367 1238.346018 
1.665701 13.026871 21.024895 800.659646 -6.320075 -337.835651 65.047157 80.502379 320.101052 
54.504622 20.805284 54.464104 1538.349198 48.135027 450.689050 221.295849 -217.175455 807.511674 
21.792220 23.037790 4.715852 72.469971 178.981421 -237.056636 2643.312371 -722.071223 1854.422303 
2.803647 20.192079 36.613505 369.946961 -62.424226 -145.698105 148.869642 283.080004 1075.705826 
9.069235 29.429479 59.620710 202.181677 -18.461382 -196.039852 281.744538 306.347132 824.416652 
13.479899 56.629452 15.563989 313.020983 -527.702944 -184.167498 1536.535123 -264.101401 770.920543 
3.875146 13.532084 23.327442 337.434062 -350.939004 119.794921 684.405705 -437.507939 559.773339 
43.712807 -8.934879 23.572984 462.729570 -521.145823 201.333805 1596.851290 790.371406 1145.671253 
-0.621149 -16.046399 -6.388529 77.542382 222.356005 180.218245 1015.398934 635.679643 515.059097 
38.287533 16.859379 36.324622 895.169362 -493.211406 -222.036841 1024.717499 -602.491519 1798.316409 
3.400746 30.930810 11.388498 878.126180 825.410457 436.042151 1814.143400 183.452850 268.880512 
10.409494 46.669115 -26.845352 716.597296 -204.475954 310.768655 340.646727 -577.841216 994.572131 
27.790378 34.763892 33.421925 335.898993 330.268448 -470.544417 383.116622 -306.839780 1114.851077 
-1.415251 28.320172 26.773021 458.278666 47.139206 -252.131789 164.922324 -16.231058 341.132907 
36.185993 -25.591893 77.421398 2013.241133 -533.967645 -13.958920 650.246106 -756.727707 1665.820084 
21.995529 25.397494 38.524244 254.615671 -316.833240 -176.882385 1887.346383 865.426388 433.206721 
-2.812471 -7.879206 -42.322482 180.331449 17.067804 495.600920 1070.453785 200.730974 1483.438353 
14.786294 -4.508375 1.688193 13.360462 -64.615418 22.529042 497.670076 -4.316317 138.260957 
5.531839 25.021014 18.376521 282.311031 -46.859668 -366.000010 639.724835 -227.866400 1397.496386 
18.274865 7.832151 41.315527 789.617375 41.535725 496.795760 59.157433 -71.064456 496.552260 
62.315676 40.266366 61.151918 525.291963 510.294856 482.986781 1517.477889 633.459333 491.018228 
15.140933 48.310288 24.100878 178.681693 -6.651349 91.070864 260.234975 8.616269 59.154356 
-17.250896 -5.365358 3.464996 2100.456879 1004.563929 311.266391 770.895864 439.280839 633.454425 
58.536054 39.845871 17.203941 1057.210570 16.819751 -343.584424 803.257667 187.408870 206.097438 
-33.523326 23.659187 6.319240 1640.770762 -144.973777 708.913093 86.854084 -227.815777 1214.137143 
17.654688 24.401389 0.416230 1488.070974 266.548906 -281.041095 118.119862 -210.199924 547.805691 
16.509990 14.566792 57.300246 1284.761631 366.191360 -409.573215 126.196356 -7.121691 1402.953277 
10.692181 11.714565 18.759684 224.945636 238.018852 -416.034261 255.531734 -382.242666 1805.524314 
20.807592 36.858292 12.337068 33.845674 153.313384 -119.816203 770.598665 -537.909142 848.734793 
57.584690 -15.581267 5.096444 1673.023103 -207.982751 -305.893306 680.572544 539.512548 1878.499048 
-13.242569 29.029329 35.660306 1045.025186 70.676922 -532.538215 222.182286 -28.281909 390.701258 
-10.845222 14.676096 11.288140 3053.600392 -2190.209940 672.325604 2441.440629 -222.487163 238.448209 
21.385295 22.539769 14.616346 1224.306183 -159.201137 -1519.668566 180.023196 136.551404 1914.605840 
-22.196334 17.827093 45.398187 833.115007 355.911607 -412.903909 557.218040 -242.496363 250.611333 
51.888431 25.485271 -0.564051 422.205676 -144.731617 -310.958803 1037.421721 192.865275 493.040160 
-3.800687 58.511598 35.431297 323.705997 -281.315500 -32.873662 1380.730919 -167.471100 318.688635 
-1.539594 77.015032 0.902517 86.859573 -70.850199 74.925632 2435.339153 -390.708605 118.762777 
-0.746364 76.166942 35.168204 1096.475642 -399.399038 -462.160590 1091.172746 254.105919 202.583468 
9.393608 5.119067 37.191610 206.553147 -39.860078 209.847891 110.709743 -278.965914 993.979797 
5.287160 32.926783 19.119175 580.035516 -272.985683 -367.305825 823.483320 -745.584115 1478.858748 
93.520155 30.163767 69.550811 2629.892398 284.167972 1494.265805 170.808015 383.027587 1260.354912 
3.112656 15.415138 25.631689 424.054287 25.354777 337.832823 75.392955 -191.144881 1028.587355 
-7.507836 -23.562057 45.652217 909.112263 469.354539 -604.727862 722.027510 -586.736607 985.327952 
22.898226 -14.168189 43.201570 1725.270611 99.716895 288.872711 2109.615507 -780.415951 458.619800 
21.391223 26.534654 16.668987 600.074652 76.672515 -404.771057 480.658838 47.077662 306.559199 
19.022570 21.538681 20.446732 618.096811 -1112.764017 -514.271623 2207.956109 1025.622308 825.696758 
9.553152 4.778414 14.302616 124.661893 -17.930606 356.983945 1257.491816 -510.786187 1260.744607 
-10.247422 3.868446 62.412015 721.904823 -393.501287 -539.469670 1215.835271 327.191396 810.255587 
38.548109 0.147836 36.965925 898.125676 -715.370248 428.663364 590.769533 -386.067793 300.167507 
12.218854 25.975167 22.954681 2208.373447 1825.647053 388.609251 2089.151114 841.783238 729.812032 
-42.111957 -3.092550 32.770861 2490.433323 975.440029 -485.235284 772.760232 -471.634932 298.385377 
56.007649 24.978499 -3.465887 716.442770 247.829116 -210.289132 297.424358 -114.055790 540.538066 
60.102279 11.169414 -0.012598 556.364970 -359.761679 -178.604258 319.013414 55.348149 206.626180 
60.368414 25.396179 -15.923326 1432.041944 612.786106 -1419.467683 1138.932448 -734.973209 1451.586742 
8.308911 -11.105028 129.143433 447.669824 550.163920 -382.691357 779.313829 -821.314810 3042.422527 
0.914133 11.031144 33.922490 1660.270737 573.548443 -1712.755753 333.219358 -453.586720 2072.620195 
-80.958856 35.451200 46.353291 5142.247697 -986.805774 -1974.381551 418.101001 308.275604 851.013913 
6.382446 23.697729 1.974574 615.781841 -159.774201 304.626071 56.990990 -188.321758 1053.514231 
11.545208 12.055345 15.616989 17.885008 -21.259256 4.586276 528.776114 96.374655 124.086168 
6.116975 -4.357980 -9.765717 127.662067 188.448290 353.584282 424.320336 504.410411 1096.671552 
-11.890582 15.687646 60.841803 421.017687 63.002929 -515.205644 862.987322 303.757299 964.736511 
15.518221 10.688542 11.013327 483.066737 129.000388 435.569085 91.339307 307.635126 1320.104361 
11.543819 40.622205 -3.114848 315.931730 -121.888826 689.541471 231.045116 -252.723807 2677.671922 
-7.017501 56.730910 13.227001 159.063584 -182.037358 85.900082 1236.674717 -146.903761 738.185080 
0.556319 26.350744 -20.408029 1269.675215 753.704757 -355.087615 977.461479 -1021.540383 1689.420278 
3.038805 14.883624 17.226411 586.725947 -226.256205 189.479828 361.216357 -15.715006 97.285932 
11.092952 20.379255 20.936358 562.671132 -318.835950 -108.093156 183.038624 64.181480 153.157311 
-8.893560 40.277439 -3.615414 1047.118767 -228.655162 157.420055 568.687600 -773.840461 1077.915161 
67.761275 -42.582029 2.163890 1328.950987 -1223.115110 -420.906757 1764.014285 570.661824 186.818348 
41.593791 72.855965 -19.003969 1030.855550 397.046942 -487.941285 730.747878 -301.811154 1508.847259 
24.672441 12.722608 -1.010171 388.202547 206.564782 14.455719 599.988702 486.971800 613.518202 
-54.506178 19.152113 -23.228748 1150.091084 49.007751 795.160562 630.851958 232.358878 1998.932027 
6.868066 -0.238307 3.114314 805.153886 808.898450 -348.622182 925.761797 -135.115249 729.818478 
22.527828 49.988062 46.712387 371.338217 268.665728 -53.076551 940.921219 -912.973111 2280.523511 
-19.228953 2.493209 27.507233 1094.813184 800.785525 635.745111 750.783711 852.188540 1280.885483 
-26.489842 20.497131 33.537315 1052.585656 -662.019406 84.110748 1259.702225 -5.897832 198.270501 
24.103103 19.644872 -10.177288 2036.424436 -117.441459 582.280910 340.065518 -48.888752 641.004428 
-3.175312 30.207585 32.726823 818.641382 -234.859967 -219.006355 649.877447 554.656632 474.924610 
27.093323 23.091387 -13.710018 171.544301 68.218941 -590.760584 580.911342 -186.598764 2794.794236 
25.877294 13.254230 29.881390 1382.059553 -220.915672 550.605907 1019.666756 1055.219173 2178.842938 
71.513562 16.816686 27.570309 2492.476952 41.000663 239.595709 3824.022067 -892.179992 234.662966 
26.599915 29.691597 16.875180 510.253474 151.724400 131.882400 725.111748 -515.879233 662.045742 
6.661554 14.975127 -6.777471 371.101331 -178.088255 -231.380418 265.196351 572.028355 2073.002140 
10.228114 12.283911 40.203331 404.019863 378.177809 495.009740 549.040970 352.695748 1053.768470 
26.389753 56.741954 35.937298 200.826114 628.545306 324.311068 2221.638516 741.639887 1020.065459 
68.903951 77.422372 14.376975 479.821678 370.491271 231.992900 700.033826 -415.583443 1117.474695 
19.258617 47.150678 -7.619603 99.766832 -126.910064 159.944826 1663.317691 -406.140519 693.442535 
36.969150 27.120105 8.537687 1011.814282 -75.351416 -665.025646 230.315643 3.696579 447.329608 
66.881907 14.289743 29.535326 923.294699 152.756633 315.855341 416.778033 237.259798 271.408368 
28.719826 59.252736 37.628247 565.356632 310.056005 375.365055 1910.048728 435.580440 666.410368 
-1.282310 -18.523547 19.281558 263.523327 -156.463534 294.239155 1027.944417 -563.835116 667.439933 
34.609336 -15.104706 34.548663 1005.099639 757.552121 71.439561 1600.459453 370.255373 1048.486804 
-13.089851 -14.424901 0.351414 896.751860 1049.984950 430.146289 1262.868161 492.001106 292.808639 
-3.948146 47.175862 17.324701 326.963361 101.758921 176.569762 1080.253884 113.228953 110.445665 
0.336725 36.905901 30.564943 605.587810 -217.017281 313.089186 589.495717 -209.646238 352.017173 
46.705018 -37.224598 14.939837 1072.042077 -235.954260 438.783043 569.737691 -85.831337 311.518773 
-18.901650 4.376087 -33.501891 630.354534 280.463651 450.055600 148.847018 142.857158 575.457771 
-13.016101 56.908791 72.327244 762.442949 -690.787012 -582.776519 944.403368 879.754139 1101.693993 
-5.028337 1.916646 -8.625238 2254.255842 968.554631 757.760084 501.549839 423.704403 696.187038 
46.864080 -22.753431 23.039489 360.682030 -563.582221 96.553712 892.507499 -140.607821 73.707331 
-3.224124 -7.753180 45.387964 216.081939 251.804896 -218.928470 598.004991 -617.337189 864.795780 
19.852200 16.074291 20.192407 115.191707 -62.661204 -373.565592 140.927598 448.956732 2047.314213 
23.826342 -5.831091 -10.678517 98.351738 -84.395014 -342.542797 994.836113 825.178496 1499.919007 
40.977166 45.741064 40.416256 616.752883 -6.263322 506.895354 766.802679 131.637517 549.471170 
-39.606706 40.144901 33.605732 2072.154853 -264.182307 79.123395 820.029708 698.675643 641.870372 
-14.903535 3.616510 45.226747 354.354877 -269.783412 -242.144793 1052.346665 140.371957 206.681248 
53.617915 40.467089 -31.000923 890.034594 733.250282 -919.915819 1047.156881 67.129192 2487.069987 
-57.228546 -56.192768 -37.669590 2066.509838 1122.875350 1645.332658 1814.159617 814.167968 1335.967674 
17.444440 2.364605 11.006181 295.158739 78.313982 82.461856 696.772133 551.051740 457.264899 
13.464397 10.111449 14.533078 171.070524 51.706939 233.960704 577.611385 339.843798 451.485704 
8.026970 18.306228 9.710577 237.848299 -301.137686 190.769079 950.087869 -1.106265 329.811274 
14.307007 20.474046 6.871513 102.334323 -97.084735 203.396044 98.241549 -183.841964 518.938908 
-1.249511 25.756653 10.167283 1051.427535 316.079059 853.633728 588.713365 -83.906688 1021.588630 
-18.381760 20.164573 3.595124 2198.459950 -773.546176 -195.202244 430.881253 175.977530 735.618567 
22.307492 46.901826 0.741927 151.875217 620.474067 -145.391692 2861.183259 -805.843112 731.901046 
7.608351 -43.532739 16.187755 523.160515 -85.183132 68.590787 1178.111614 150.435526 38.549375 
-7.539995 39.079485 -22.628720 1087.465258 960.245862 -2.056734 1290.924649 -286.326964 417.955300 
8.600344 -6.367458 27.756879 179.480274 272.434187 -241.021470 1131.846364 -367.189054 500.043386 
-38.205268 -22.717408 -34.737970 1064.457112 361.625645 -252.265429 332.486360 424.417415 1662.348502 
24.140218 54.011446 -19.864569 774.529463 419.045592 -275.202568 990.217714 -954.113702 1176.764404 
-18.744997 39.441309 7.480028 418.032483 -296.900526 57.670048 529.632273 -192.998039 376.913392 
40.069996 36.065769 40.087007 252.127670 -116.735163 113.197704 650.809117 101.802818 90.817813 
-32.225238 13.490336 26.843493 968.531763 791.100887 -665.845435 1875.978315 -1553.499738 1337.582340 
46.561973 55.696725 15.833111 1194.358976 150.938035 -1067.489605 381.863749 8.933738 1739.414856 
-48.107869 -3.165858 -7.482005 1165.837208 388.083916 693.764038 140.685958 243.632152 516.270217 
5.165251 -4.312917 34.368459 305.263810 287.351977 -333.799346 961.251289 -67.117363 609.012824 
30.850905 64.996963 70.900944 349.070307 96.471788 279.766411 938.511572 406.441408 943.284716 
-29.982565 49.964882 37.681455 1037.754557 -469.886314 -238.283412 329.042593 139.470247 165.130920 
13.322117 9.285594 33.379686 815.947550 -354.899826 -27.299859 486.018507 232.033649 350.718896 
38.806359 38.692334 5.116999 295.176430 264.274523 99.337965 344.084193 305.386352 1077.103957 
-23.067039 -4.547003 -14.625052 2522.972352 -1038.997768 1182.950042 1530.894758 -181.440147 947.660254 
7.711073 31.798144 34.928485 177.217677 -307.496431 -274.763362 537.652413 481.364413 538.860876 
-22.868915 89.634397 -14.887415 710.823159 -1110.715495 514.789810 2546.351974 -784.505957 398.563138 
31.390696 -0.516702 25.566053 624.478976 247.512310 -289.156343 836.402726 162.479696 751.767076 
14.036448 66.940394 4.163715 493.924186 145.638197 185.430520 1890.167656 428.426187 1763.699771 
-18.624745 -23.494993 45.803458 392.266319 53.016705 95.327094 585.410641 -489.448771 691.414485 
7.796905 21.611310 41.692750 182.261071 -395.572835 -257.311046 1220.663194 437.651159 404.186420 
-10.976683 20.869080 -3.944792 423.680647 4.498695 274.215482 138.947071 -47.629579 294.160358 
-24.786489 57.935447 -1.900020 1008.068760 -473.529302 -396.357166 606.784819 -619.263771 1843.983746 
11.349224 0.976579 27.826846 623.905870 -59.176434 -108.734772 265.591485 -112.317899 792.996162 
29.404139 23.575892 -5.123448 86.423660 42.848185 -233.662397 238.117199 -244.996093 891.031193 
16.033772 33.396388 1.255387 978.584506 430.868817 447.451571 759.455698 -584.848922 1278.196787 
-19.535530 54.066278 15.789257 2008.936976 -983.031585 436.450031 1484.329263 -17.723607 135.639401 
68.774122 39.845048 -4.875524 2945.267085 -362.625216 -1194.721716 486.262392 101.197923 811.915761 
16.442175 18.218425 1.330088 272.488677 -168.682123 -291.863496 106.753743 234.108675 1567.206632 
18.348668 16.106576 2.114144 1182.965677 -736.869519 148.087427 1740.964874 -837.706410 601.338658 
19.898232 9.725334 25.765087 690.539270 515.723325 -779.181872 534.409648 -618.863988 900.100130 
24.630725 24.755434 38.914108 394.098726 265.308741 312.392563 208.614962 279.313956 695.850458 
24.021511 -3.939994 48.575727 127.244782 -117.240575 68.311259 428.962876 -522.658599 706.491584 
-11.079708 68.888718 -20.162251 606.606949 -884.754629 326.820092 2139.355808 -780.756374 670.649770 
27.590211 35.079658 -16.849093 982.134003 -122.445655 171.441758 273.121594 -448.210052 855.493739 
2.172066 -4.809159 -0.302010 622.385251 13.679771 -39.051562 1897.362528 -442.726076 261.508711 
-18.706270 11.230994 23.005742 2381.024788 148.099022 -463.158347 457.511810 327.283572 401.583829 
77.496801 42.046416 9.915573 1687.940632 -123.522067 -78.139608 513.682542 -237.673704 139.942800 
11.428881 48.580496 89.941649 306.358708 -173.635822 -223.168569 482.547255 33.569902 1157.044812 
-0.641896 15.129067 69.493501 1268.616079 -769.571391 -1197.530648 569.187261 578.989459 1527.644812 
-47.885709 23.006866 -16.345326 1819.241714 167.026293 866.673009 204.219000 -56.031742 529.598341 
42.875945 36.599477 10.153840 2064.117829 1091.893001 -1222.304714 2904.435167 394.578321 3001.679064 
48.190613 26.380966 3.379310 716.428799 126.888541 -264.693897 27.703015 -98.632785 639.657734 
-55.791962 49.932546 -27.890527 1356.776039 -580.517546 1292.831761 254.451843 -577.168987 1540.048103 
22.410293 19.093051 28.668284 259.901413 -255.650760 19.951070 322.604739 26.689842 63.629945 
21.887406 -6.340806 -1.011824 1087.390395 83.770015 -218.741167 951.906684 842.005984 835.729128 
51.917458 34.487866 17.031814 1407.008276 190.004412 351.976574 1389.703098 -955.045402 1089.903843 
2.028826 29.407279 16.083454 2287.640048 137.096610 184.866649 289.385271 92.702924 217.818102 
17.334370 16.632259 48.482990 997.734889 -218.878370 38.242435 52.326791 -44.720663 355.226396 
25.845434 17.304306 93.767150 141.620443 -98.237647 296.096411 961.388812 -12.694670 1079.337869 
64.648185 57.455731 54.429863 1375.734453 1477.101982 868.223390 1995.811064 692.710107 1631.221335 
30.670185 -0.155581 87.363405 294.779030 -122.958193 641.280366 145.778291 -119.166719 2786.720324 
-8.125258 4.104212 21.036774 687.119132 302.174416 14.650419 156.517019 -7.500521 641.919575 
24.720074 23.618295 -29.845350 467.126594 128.780718 -195.283705 38.926797 -89.244725 583.239313 
-50.906614 79.480467 14.105177 511.876784 -447.791828 64.353381 537.502698 90.353295 199.732426 
-8.692384 37.546044 15.929984 1578.159379 -1389.335743 364.481791 1478.511532 -218.855855 535.133230 
-15.189164 -54.890807 91.725927 615.685187 382.089583 -821.703709 1175.816348 -936.843727 1301.419781 
36.485908 -22.767169 13.514240 1176.163431 -613.651916 -414.658241 1888.383108 340.742206 922.229309 
4.264856 -22.703318 30.144029 1204.231859 443.254438 608.033449 883.901729 -512.527002 1640.145512 
45.968002 22.584626 22.725400 1606.166705 732.846389 310.255639 2870.631400 -1219.726002 1318.760829 
-42.410487 36.455851 25.543238 1848.901030 -899.871313 295.543598 794.170766 -415.104225 506.485453 
5.596912 -3.849229 27.285275 390.744907 61.656782 23.515120 454.515114 -61.977094 75.681965 
67.358521 62.513901 47.948823 878.815718 252.851052 317.470354 1223.049724 333.072830 180.189393 
16.705713 1.487296 11.526246 704.589697 565.946969 -151.031280 1115.432013 4.044933 707.447179 
-21.821968 -10.618049 46.282953 1471.807442 -302.074532 -824.979459 1613.853458 -66.907704 617.008120 
20.280121 28.306523 18.172558 91.239346 121.275410 -104.180073 756.750975 -69.760491 144.397999 
11.861564 -27.959108 -8.112409 305.171121 -46.820403 -15.360260 1623.543218 1056.277013 1481.107638 
-0.549512 61.425597 35.128784 775.532348 -192.289183 -156.704422 1518.406681 334.842567 234.824859 
11.102887 18.765359 37.275867 291.477698 298.038734 -151.479831 352.800795 -50.814844 369.490052 
18.102455 25.568437 29.371797 169.212439 291.650213 -260.437577 1272.430551 -966.255382 901.473652 
49.149205 45.966392 24.919613 1550.313420 361.649873 -294.215135 673.697769 422.658448 592.856481 
6.883869 41.158036 47.866006 1418.516921 97.902441 -1079.204422 205.692040 90.175606 1007.754712 
11.736274 66.485412 84.641809 920.305002 -328.782279 1027.457945 989.682839 176.361793 1865.154671 
13.939469 -18.364369 -30.467301 350.235365 -508.371888 498.265984 2539.073055 -983.986564 2824.006273 
2.270165 18.018344 64.546733 403.242229 968.701943 -487.259484 3154.714244 -655.970273 1906.608677 
-32.391888 9.448661 22.541838 637.697758 -370.508950 -273.634541 2054.183511 1196.875607 703.219938 
7.791884 35.727998 -8.346937 153.352369 -4.105760 192.821177 258.363450 -55.910280 470.754784 
90.612506 100.639344 -34.180621 1835.974304 6.506891 445.767332 1699.949544 -1505.914131 1605.253850 
-3.111200 -14.048716 6.418503 552.572548 610.077087 114.971261 1719.375499 1291.150072 1320.154509 
-46.616848 16.193648 17.490697 1586.584746 -33.783976 276.763404 371.027109 -20.379050 72.740135 
33.808712 32.159475 34.014404 2696.513632 559.970551 825.786874 514.041736 353.229035 414.096416 
-5.431947 37.028773 24.120748 689.553069 -565.099654 603.616593 647.320877 -393.755332 732.781112 
35.296791 -6.298178 -16.728236 220.173100 143.965750 65.896882 722.419559 912.519638 1390.828478 
-4.289678 10.916794 46.433725 1633.689931 -516.683225 -460.247995 776.127290 -69.068928 748.486748 
11.655907 14.255522 37.623756 919.814248 -641.096573 -814.518074 1656.023675 652.765864 813.608718 
32.289604 26.639110 43.569875 871.683864 856.326095 1141.650172 1589.368037 1264.301709 1541.325116 
20.972168 3.790523 7.204727 866.629328 -43.323931 -483.722275 172.281193 176.287059 535.715634 
12.791409 23.517738 19.037227 473.059975 -180.912938 87.068376 246.532933 123.326548 3726.221260 
0.560814 -3.368123 11.378116 1867.082168 -159.884859 94.186140 2138.658248 196.308444 598.215790 
85.471335 26.356317 76.080954 720.411268 -102.819135 581.013918 1253.343768 -343.164177 525.490536 
-30.185780 29.288155 26.065801 770.434536 65.813181 -116.543923 558.696298 249.469841 308.990290 
-15.830086 -7.258172 12.277448 800.449559 127.343729 -147.626810 631.937113 507.117360 502.815931 
41.918211 19.056294 64.192825 232.976388 54.342803 363.774926 312.869304 349.657795 844.596585 
80.248077 -100.984275 -36.497723 1060.493497 -790.055755 -427.684156 1388.854150 759.948131 676.549698 
-40.765179 29.563198 17.106395 2303.426390 -447.891159 -238.459564 213.610573 204.761032 434.739817 
40.208693 19.750253 -44.947000 1046.901794 -301.086846 -1061.521353 868.295094 184.039124 1632.406025 
26.583000 16.224668 20.876177 1690.836817 475.463900 -161.928526 658.318300 362.296003 378.243632 
22.018916 7.696170 59.592163 80.880928 -146.952336 108.781657 303.131359 69.120326 3013.640117 
47.754158 9.399782 36.274049 943.991172 -317.262388 -319.910077 143.787867 113.969990 336.059938 
36.735901 19.963491 41.550990 512.114162 310.452115 383.817509 692.724818 166.544482 300.014435 
-2.310251 12.915127 23.155467 1179.493359 -679.126880 63.976632 1606.181970 -333.245404 164.743060 
14.773544 13.075491 3.475079 904.626599 -3.514219 82.121964 922.985437 677.977087 711.107891 
39.812367 -10.968667 16.251056 1581.203843 -616.516147 403.571209 931.939951 258.749046 594.000876 
29.037580 54.938972 -0.845902 106.899750 190.464562 -97.944054 408.666994 -225.073400 147.456512 
66.457766 -22.085040 76.563167 2147.615943 -280.443689 1324.224012 745.590583 -508.775516 1014.197404 
55.908669 43.765383 40.796634 681.413555 360.010653 210.124207 270.558996 255.095199 337.051503 
17.359642 7.242773 -1.390098 48.450726 43.955268 -286.615447 1615.628300 1000.669684 4280.282620 
-3.844229 88.173011 -5.696586 125.489762 9.155977 -7.985607 2031.351646 -1133.428130 700.277745 
18.832080 6.845016 33.395341 663.951638 222.033779 -441.429690 128.372590 -197.284256 339.072061 
15.615980 16.016701 23.316735 48.432915 -115.944247 -69.481225 308.736155 185.988218 861.384052 
6.890454 22.210802 2.637407 696.799049 -191.081463 110.634365 137.563389 95.240243 735.069821 
27.198181 -0.225171 25.020332 300.190096 -432.641329 1.744636 2150.026429 -256.764616 43.746029 
4.273591 -8.638844 -0.344311 1238.209887 182.434592 324.734051 310.964628 133.035768 252.788028 
29.251932 1.002723 17.345684 54.605063 22.505266 55.330310 225.825281 -75.008498 631.895022 
15.180909 4.519917 27.035039 75.553017 -44.480175 -26.792120 319.597735 425.319965 2190.669329 
-31.783579 -5.175259 -14.286627 898.875179 270.659747 736.624652 305.168977 129.179238 912.857507 
-23.631690 26.584188 10.003988 1311.238317 -68.230235 249.572075 167.558556 -282.214460 500.213848 
86.892668 22.453431 18.990435 2162.860682 -446.288511 555.208135 385.920077 -482.852738 604.321211 
28.220925 -11.391729 23.114239 1641.509008 66.697006 -636.980431 999.326312 240.520975 419.112701 
31.782718 24.276766 17.300019 745.115313 46.728197 -375.190874 609.906771 18.792878 193.071357 
-23.334157 -36.445617 15.848211 709.364808 111.729155 215.403597 644.598230 -206.019094 511.385974 
22.970569 47.369726 23.768493 419.014773 51.377982 -462.240949 1222.679196 291.153554 667.414057 
13.681391 48.293028 -27.973108 358.103326 159.615541 55.916920 538.036578 -771.185836 1370.452264 
-76.769957 7.002231 16.667714 985.524876 182.711648 254.432235 88.167169 132.412679 409.189206 
28.415752 7.939897 31.808450 342.908939 -228.443208 -120.365158 1480.311244 1015.042525 747.891750 
34.865005 36.342131 -32.189711 73.902068 252.984831 113.897637 1815.826513 637.904281 890.733861 
8.420899 10.583615 13.790134 622.638994 -175.674282 -365.200068 286.627352 409.009029 609.556686 
23.905726 -9.455006 31.889151 431.124153 324.045592 246.980501 983.278859 -159.113440 337.848900 
4.546307 5.656719 72.029946 103.772364 140.755508 -119.172157 238.934116 44.922132 1170.563714 
34.044253 -3.616591 27.642492 1312.223133 -178.678636 186.859571 1502.067446 -168.491930 42.203552 
41.949999 -5.311851 22.538143 1205.122373 -843.499982 585.879285 782.655003 -383.148080 548.458366 
24.571270 29.256976 23.304286 197.403141 247.153323 -60.999303 1043.545572 -135.965363 49.819408 
5.245727 14.853592 33.631151 519.051910 306.528542 -123.009316 747.692975 253.857869 722.687026 
33.440584 7.464321 24.766806 351.598559 -162.064480 -396.304102 367.360669 -28.446609 867.865152 
13.849989 25.496336 25.566722 469.355606 356.151623 -290.656000 519.066055 -22.435218 346.389351 
10.404061 36.725243 22.085761 143.288153 -210.031036 -131.551624 408.618800 -130.130653 1385.442322 
44.374180 37.682155 -1.029521 468.496164 -84.287049 -330.271218 1124.944079 39.791717 258.476032 
-14.777754 -42.559286 -0.574975 752.934581 890.789225 -79.678485 1551.332620 256.340581 365.775331 
66.929989 51.326836 53.800680 2413.505700 1608.827226 1494.149160 1077.312015 1040.111159 1376.746497 
47.271676 53.184593 -34.687589 258.404797 8.938317 -194.087183 456.733178 -714.955626 1636.201335 
69.547667 55.240220 6.318402 590.097574 68.856762 -232.850407 1866.288973 -2.010305 277.431371 
24.925988 25.353670 -13.773932 733.275050 -23.342555 -510.908098 278.476289 61.020096 882.496360 
21.089823 28.441940 17.424290 3263.420904 -1567.196436 535.489235 1296.827901 -344.302516 152.752261 
13.329842 14.697903 19.271981 957.306903 138.311315 80.498130 51.671111 -213.427598 2102.337736 
95.437464 75.060292 -32.074195 612.271398 219.193237 -286.922304 408.514757 -185.686365 293.673140 
22.459296 12.265040 17.234888 1442.604860 -1086.812762 1293.475314 1011.116278 -725.229067 1561.835765 
23.853372 8.952526 13.616221 985.436248 52.795719 -557.122747 338.752601 -197.708878 509.873337 
58.039694 2.389858 23.559230 705.518552 -20.950444 -231.692686 964.953543 380.300064 459.856305 
27.261904 23.968035 13.433796 99.132382 61.543000 -185.768110 404.153810 -594.420148 1040.013162 
13.698670 19.385232 29.287604 661.155942 -73.779186 8.598046 622.904168 -418.422591 524.742373 
24.106521 33.441514 32.478535 141.845337 -24.749822 319.615640 404.460408 -203.174951 777.292880 
30.660590 30.003369 13.207713 1450.437693 544.412382 -465.883247 338.587120 -305.264153 430.146728 
18.224047 -5.125734 69.906847 373.215814 -66.696628 -286.950900 266.200121 -394.033511 1098.011395 
0.915252 12.112065 23.949036 1321.021778 236.934010 -454.995355 317.467809 -125.217656 426.289807 
-16.685327 16.706214 -4.547642 780.157758 257.363826 148.604325 124.377669 65.627457 216.614677 
-33.304481 104.347151 -8.173277 1283.410260 -1352.256335 -907.972913 1790.654909 216.607870 2412.953538 
-19.923080 -5.384060 -15.860540 892.792042 376.422117 886.272178 322.186581 544.474292 1424.914513 
8.721438 20.443279 23.068222 836.488717 14.940505 -9.827463 259.752812 -28.847244 5.272558 
21.230942 8.617024 0.959853 98.466364 -258.649506 -315.530108 679.702519 826.310057 1042.384046 
74.171275 -45.654538 30.092663 1625.000136 485.958953 71.316327 2005.562224 163.350619 395.448590 
-31.094941 65.997568 0.112284 1282.645202 -1195.914801 445.727773 1141.384603 -272.544039 1265.658099 
49.528477 44.087004 36.690830 1527.802215 -119.729336 313.005067 852.604523 -1.352290 163.002988 
-87.906681 129.074580 -12.961813 2785.232187 -2033.061455 596.686654 2431.295135 98.852675 859.787850 
27.910726 15.127610 25.603043 482.039109 -280.338207 -84.120581 1296.618158 -501.576443 384.469412 
22.964726 14.358778 26.890041 507.892956 603.321884 -805.524722 1512.385605 -1093.665047 1465.297965 
-23.738008 23.430904 5.540298 1584.435731 443.984185 -243.711482 946.502332 -757.447599 802.040916 
23.400026 14.577208 -10.532759 115.277969 434.306057 -57.095356 2082.159481 61.640180 271.275168 
21.693291 14.821308 0.208652 678.171591 102.858627 -218.180271 135.385524 -101.607631 439.971878 
21.974499 34.155018 -7.899377 216.505380 24.903942 -632.716194 104.247844 -82.927015 2287.146000 
38.728365 -38.813041 12.527600 88.313644 -247.380018 -107.644041 1310.687084 -268.652150 1167.335038 
11.124616 9.001926 -2.609433 263.215838 67.317794 220.901049 403.021029 488.151861 713.251480 
7.474492 24.347580 29.621949 629.190516 285.241717 148.043267 1081.842181 -150.987688 171.970882 
6.249108 22.795409 48.508324 586.180484 -11.722404 -160.613584 11.611225 25.444797 167.644170 
41.132061 -1.849740 10.694855 1953.408785 -1345.367616 -291.460470 1412.789095 102.200727 85.347952 
-2.767293 -7.029000 11.123814 933.722762 809.062106 230.041663 1277.559463 381.319410 210.155157 
-42.234301 -34.331326 36.589814 1264.610238 818.591424 -784.138973 1243.658070 -187.768390 1157.835484 
36.830142 17.131302 12.889420 384.375011 -43.795955 -133.093962 21.735153 54.373148 262.876232 
23.620906 22.351836 26.432465 1036.070733 -592.216284 -853.154007 1691.672271 1276.233014 1576.139802 
41.124906 31.131970 38.715001 1038.597416 8.889716 296.323994 679.205712 72.310263 569.628493 
69.078918 -6.038530 43.171827 1770.825082 186.281619 571.368304 2001.276184 -130.608355 1174.985034 
18.754743 -54.328453 29.691193 146.009197 415.914259 96.933715 2267.611856 188.851104 437.846481 
68.506380 -54.993283 39.849538 804.698326 -805.695460 -564.763879 1362.403330 -449.389888 2711.936516 
-8.211922 33.011498 37.591989 556.972782 -23.004255 -61.982639 109.191302 -10.083999 637.729336 
14.889096 20.448743 24.085678 1875.959270 -628.703790 -1028.141542 1686.373921 892.142471 776.552491 
-20.187374 15.119395 14.861120 499.046650 -140.288361 417.935837 848.632639 -1011.307539 1464.531554 
83.526428 -101.500171 -12.107700 834.557623 -1050.700082 -178.670731 2055.207113 503.078533 191.262052 
-16.197219 45.953468 38.562623 577.293792 5.143651 -338.796909 415.944078 -435.086518 788.894950 
3.991088 8.147243 10.047201 588.135719 -601.420217 -314.310139 826.973242 572.832620 1526.060347 
32.125188 61.085542 -22.030897 840.544086 -576.059962 -1154.595504 1791.213092 297.019243 1988.624362 
41.411456 28.091183 86.151529 2038.033257 -1767.747103 993.769281 2773.818643 -112.525568 2015.562441 
28.366210 14.182219 52.236155 1318.960425 211.533677 859.980784 463.732715 -237.734228 1413.084129 
-3.346563 22.861469 2.156280 560.858914 205.708945 277.110878 1144.067839 -189.832120 401.944261 
17.761593 6.321868 11.699492 328.483952 48.125822 -710.140013 369.070963 -311.061284 2026.392401 
-9.257880 -17.082258 42.003862 356.007922 100.504338 -605.651043 1223.672965 -160.000396 1161.806085 
-12.868945 54.702604 -16.034624 185.437775 -82.768529 287.997272 621.081594 -284.069961 575.590524 
-25.523784 -11.508860 58.099405 1288.414007 183.668737 -1194.026177 246.726720 -297.812465 1973.464961 
33.941846 50.472353 24.362741 1748.387940 211.009300 -721.284969 1265.651030 149.823255 683.993924 
24.317039 27.708130 40.434287 495.380554 281.386044 -97.662306 469.611412 -546.007702 1152.234803 
3.747313 43.996418 -7.120653 2458.086944 -1051.929327 -284.609254 2569.956174 961.395401 805.089787 
-1.922752 45.079080 -19.190281 1013.457255 -348.495828 36.636995 407.733731 -695.303359 1717.045375 
5.187629 35.715883 34.310966 192.076669 11.417316 -59.720315 87.982635 76.524886 119.100888 
3.312712 10.821816 71.060784 621.887196 330.331858 -13.582104 181.039947 -7.174464 642.612096 
19.380521 24.892490 46.491771 113.026738 97.392789 -19.220030 143.394237 334.944774 2081.753109 
-21.417197 53.724500 -72.913488 1827.812208 106.443353 494.872700 454.078512 -136.220543 1310.539407 
16.493458 18.379224 17.482359 571.427651 -38.237682 444.042769 272.862579 111.440086 444.053552 
36.560953 10.572031 30.286077 248.145408 -109.832648 -1.357541 91.528749 49.738382 751.108770 
16.581025 21.029530 9.116851 1737.859383 592.380326 -149.281315 1179.989484 257.247732 339.393886 
-34.531478 2.222098 24.177060 1164.148312 360.601642 41.319832 127.691283 154.667871 1390.615558 
51.422946 144.327919 104.265356 403.841790 1030.212975 314.599736 2983.082567 1247.635446 1614.358828 
10.820745 12.748765 -0.286794 285.808710 126.582539 118.953238 297.325385 -610.539479 2515.214788 
-8.254815 53.411682 31.018068 302.086859 62.618097 376.545693 857.748651 916.940892 1347.214254 
-6.963220 -12.473921 33.257531 610.696135 803.570897 -419.752237 1085.530936 -596.817843 384.344040 
18.612054 11.560186 -11.380917 461.491727 285.926231 -500.131579 294.724788 -331.259688 1119.530697 
3.943695 56.582804 63.801581 206.481821 -455.822666 -159.737278 1134.266924 340.557564 1165.811971 
-65.073877 -64.595380 15.960423 1757.351503 943.390275 -208.705328 786.899289 0.789772 76.767571 
69.559587 9.515667 25.507077 2089.877843 -437.072101 38.863559 469.745362 -335.649005 294.014723 
-3.255747 56.952277 30.199112 557.054373 -374.498625 251.398180 433.554195 -44.734493 198.472284 
-34.713132 189.543263 -42.197016 1744.498195 -1261.065905 88.058270 2291.045564 -596.276297 521.306206 
27.709568 8.406279 17.822268 1030.443583 -587.770249 -100.812707 894.871087 71.628016 54.639796 
44.064662 -3.008009 -31.236132 257.541399 -218.731657 -263.017918 192.169505 224.643979 1288.021751 
66.673221 -6.525764 25.154013 454.765041 -232.531919 18.748472 443.085256 -5.880248 0.824785 
11.089173 50.422788 -5.206309 653.588024 -667.193545 -364.025185 1653.015174 329.416628 1367.038585 
-36.776412 39.882763 12.090656 1296.566345 268.696904 -86.042973 1023.299718 -319.548330 115.459815 
9.739198 -10.619360 -2.002579 4363.205478 235.805308 67.076505 475.169682 413.232717 386.257775 
73.035335 -67.106553 60.734150 913.562392 -870.087040 608.145374 1548.388321 -588.685018 404.959426 
24.342489 14.171770 11.247330 777.592075 -581.113035 -266.371822 1660.065141 972.765266 634.142155 
3.756303 36.123730 8.201822 1202.808971 -657.935424 -55.893307 1467.947791 -1297.167843 1597.345312 
7.182303 2.849702 -5.094116 204.316368 351.035233 -94.294259 883.989690 159.252174 1133.235589 
25.702845 10.148990 36.525667 499.619606 -191.879909 150.181117 726.085062 -29.669300 887.183669 
14.825413 12.338517 14.759130 1189.268843 1537.568399 1048.565740 2592.035356 1385.790379 998.370676 
12.609940 24.569506 23.559284 46.260073 -18.059779 21.862458 588.553371 -117.226682 38.901195 
5.367567 23.532874 38.099143 699.255210 -149.435947 306.185875 759.717659 -154.566869 629.922316 
36.131485 9.490026 21.837139 1243.435338 -1434.185901 589.973359 1871.346440 -776.634167 330.553518 
-18.007307 -5.130758 90.548816 2044.973348 -822.664442 -1377.778995 1010.717101 -445.254247 2673.754878 
9.856383 59.450572 18.773723 150.980483 -119.872739 236.729397 2118.323621 -318.963592 391.038513 
50.093835 -41.413676 16.218759 399.115107 -419.248169 -240.525318 1875.157499 129.102365 189.576899 
14.872242 23.843397 37.300795 162.376950 276.592247 9.942810 608.195132 148.611617 503.501162 
-1.655877 -26.996208 2.365808 651.040938 1078.078579 905.590823 2916.884729 1134.700546 1377.508720 
15.279108 16.687570 12.505575 1319.131734 -409.928302 351.645478 1229.071750 383.969266 371.256603 
17.265595 13.489461 -10.015383 202.349123 441.035416 37.920511 1164.235370 410.372649 1360.125145 
15.236162 8.538450 16.444636 542.016374 -90.607071 -212.510730 244.771451 127.206304 146.735432 
43.177256 1.210486 22.114683 1246.766713 -230.194859 618.864187 421.290079 130.082372 549.557277 
9.545410 -5.195889 6.857178 722.855654 873.806811 457.896308 1161.717321 632.907738 349.901432 
29.598616 5.951765 26.699603 1207.798087 -799.005965 213.773109 863.296486 -58.481590 387.927224 
10.878589 18.036940 31.754816 780.458163 -83.567570 -530.184417 540.959324 -457.861583 914.722604 
22.768936 14.633010 45.165558 443.632613 477.096749 113.851210 545.870989 112.276113 378.101535 
4.223572 -5.055265 43.047039 70.090209 17.700811 -150.291522 256.977639 11.230533 504.650995 
-1.291436 39.725255 17.921601 825.605536 24.850915 122.592638 287.567144 58.213001 449.082964 
17.034542 -24.637462 27.261078 1056.159231 548.862784 357.800630 973.028430 107.260392 184.717005 
17.233437 58.122402 -25.943849 580.357512 -190.843489 41.586539 432.968589 -384.104859 677.446347 
-8.877081 17.205503 16.178768 2085.443876 -272.935086 276.641849 400.738978 -312.248816 314.063947 
-13.503451 32.403217 32.333342 1579.689035 318.422536 910.661988 431.402569 190.226383 1583.022123 
49.249761 -8.834876 -28.181772 1286.800373 -1.948381 -583.244503 259.609819 465.378584 1433.386163 
51.187938 27.008886 106.577165 143.134927 3.743643 303.156340 332.432914 594.310308 1677.328933 
13.175183 20.466488 17.573761 587.898720 -101.113492 -201.196097 63.335011 -121.905942 695.439964 
36.860403 38.578482 61.174278 794.322936 31.137181 255.093524 62.602492 122.824391 298.688742 
21.160666 0.440080 5.756625 1366.122611 -308.041153 -2021.527158 1566.950183 700.334330 3209.507347 
40.226142 51.512814 -3.251584 1643.446936 912.717883 -102.719045 810.950221 -99.894703 261.963754 
-70.011668 66.647065 -17.366122 1234.222952 -685.535993 413.060687 926.448431 -787.352717 782.789086 
79.191334 28.678550 41.291873 1151.036752 811.662189 -615.307591 739.688439 -647.013113 884.547781 
-18.533463 60.653794 25.440696 1254.280167 -661.753394 -604.686137 2390.410890 -997.271181 1140.639025 
96.906127 -15.639971 19.272470 2300.753437 -1213.541875 -475.133039 1551.328582 440.143106 318.147905 
2.672603 15.191502 47.018621 431.383707 -314.303442 -447.509066 461.218104 333.301958 1054.285230 
-13.440907 39.228838 9.126637 1027.136400 339.431041 -806.868250 671.516245 -623.644536 1110.419198 
9.120600 32.730485 30.776685 214.024646 15.222229 -149.603442 644.473931 547.654013 816.383791 
6.815014 30.480278 33.798430 1181.589175 -408.700591 13.245449 205.785468 93.285738 149.639262 
10.782210 18.042918 34.158138 510.930696 -250.979408 28.432476 585.193940 323.976055 370.805135 
41.877402 13.714230 72.780292 265.423764 141.894533 -21.635374 420.769017 -402.531475 799.359656 
0.398798 28.902623 15.471414 837.152166 -253.072544 645.315705 801.925487 -25.797858 764.154781 
50.254201 -1.974700 70.855680 711.298675 81.501569 674.266928 217.827270 -84.422936 876.305164 
17.825564 14.268524 18.160079 225.093903 202.182627 -87.845007 688.943805 527.617576 956.985205 
18.391594 42.366099 14.842008 590.690338 -56.577662 250.095647 579.833256 -364.539033 346.198766 
48.103006 13.199995 0.795243 1926.903389 1052.464555 -117.876526 924.545297 442.818375 822.051141 
28.324915 18.882782 20.944435 619.324110 -252.463455 398.034519 480.863872 416.525927 1243.943417 
30.462770 8.431202 72.275680 804.042131 513.051257 8.153814 486.290870 -344.424067 833.770827 
20.929627 1.163076 2.343817 1223.749672 354.325066 -418.363570 445.046158 -3.240035 234.860496 
22.681616 35.259633 16.033488 114.018499 -29.038311 79.363909 595.884918 -533.066564 742.940521 
89.714933 30.307188 2.273707 2271.527189 -387.169146 -1002.064172 755.669532 442.725172 634.691610 
1.288788 25.346261 29.899067 348.547580 -459.442406 345.798573 735.132870 -430.351042 462.265382 
15.868530 26.546069 23.816147 241.855704 -237.751037 91.902688 394.999360 -68.431349 45.324259 
26.303325 29.043401 39.506121 173.917617 95.350737 -56.648732 160.631188 320.024877 1161.457921 
1.081730 9.590655 9.936383 398.941139 23.027017 -257.887254 456.861328 496.228666 869.724019 
17.403334 29.164867 0.271628 130.310558 344.906650 -53.211466 1210.677265 -684.934881 1195.267250 
-30.706773 30.514452 25.208300 1996.207570 -953.761193 -69.715683 1891.286533 -678.567519 435.516200 
-20.543160 11.037474 -26.351048 671.093675 43.458767 507.844640 315.891862 687.847664 1852.781159 
5.616759 19.509679 -10.052582 2103.130985 -306.102988 228.568970 451.882520 -233.420578 1332.393987 
36.788147 5.416536 84.209964 1380.243359 -938.212637 649.945583 931.549459 -382.462069 833.469877 
33.187850 12.399434 39.980849 365.336329 -73.444171 26.193910 417.410365 377.956479 647.566472 
12.014712 17.551911 30.046449 486.655277 84.546333 177.374189 131.938944 83.598116 897.965664 
-0.650040 9.890782 0.092058 1620.132433 -1573.474469 -614.717997 1794.964928 930.745871 709.130594 
0.572290 39.530264 7.314363 442.579502 115.277076 277.291740 901.720795 -88.248943 404.561490 
40.518829 26.187658 27.770140 1287.503255 365.116654 240.314663 136.144572 70.232515 46.157707 
-25.615278 1.344577 11.190074 1664.439044 930.342334 663.366898 1861.669045 1445.867173 1127.302553 
-47.327981 26.722038 28.636638 2988.343664 128.735785 -1382.633944 1477.132497 -1334.278621 2260.742279 
9.328321 56.828481 62.868683 27.601076 -126.352596 -153.610078 660.290610 598.866020 2195.232645 
29.296901 7.123440 22.646859 481.719418 -678.294820 161.844148 1163.283578 -318.729929 202.783320 
33.606318 14.724605 20.566751 624.336272 274.840118 595.909780 901.662167 741.876577 1004.802827 
-24.642995 44.445338 47.386452 1487.747548 -1.115209 31.376741 383.768036 340.234312 1164.405438 
7.731721 37.479700 18.541578 672.074227 -515.435230 -17.605405 1023.940404 126.989524 90.880247 
30.732039 -18.758345 50.180810 447.563481 129.699808 463.181182 1037.690380 956.729495 1978.606587 
27.869053 6.689204 40.628807 675.768686 -598.948190 667.979968 929.236765 -360.389175 844.964054 
-12.616152 86.657941 37.428297 473.285857 -675.712642 -321.729781 1589.404574 493.871849 449.591831 
-16.410087 -21.363539 -17.954397 1104.028743 776.307755 466.901448 1026.107150 816.052118 818.312297 
20.238427 22.839102 22.901007 561.425685 -370.557634 -571.630420 601.175059 429.951849 1225.318090 
14.419264 -43.935687 -9.724543 387.195375 340.213103 -54.913552 1128.225799 418.612620 622.703593 
15.508776 16.569415 2.832602 200.634176 513.491686 -369.689322 1579.959948 -1080.414096 1586.695500 
-18.745757 50.687606 6.407650 1803.708314 -995.305649 658.813614 1516.211376 -625.506374 312.233479 
13.076150 -19.293200 39.593323 953.459364 696.588737 181.413933 991.552178 -7.892878 165.184630 
66.683695 81.046770 8.590859 1168.216048 464.973693 -280.329824 1060.523270 -119.648811 118.480594 
43.492319 45.173021 71.078316 825.578580 -13.849512 152.420039 193.503806 271.688273 844.589364 
-40.900664 106.475801 -98.542097 342.963087 -481.183805 399.356149 789.090717 -744.528914 2004.304131 
8.690058 -44.722165 -48.236484 69.928054 257.457542 221.445858 3109.513164 1866.705472 1811.475079 
-8.802018 28.457220 15.490982 876.408504 -327.401774 377.535941 364.953602 -429.315380 515.095235 
36.223206 -4.083392 70.280521 434.624948 -525.930795 599.851858 636.468523 -721.676060 1261.814492 
18.827864 35.007547 10.562870 394.191276 -87.747336 -87.206856 160.756927 -79.320148 89.086297 
27.481703 22.261345 36.846878 475.533146 135.870651 265.166827 115.792751 -268.656861 2064.550791 
47.576580 34.818787 62.412791 531.827054 333.970114 253.109701 247.109528 49.708868 525.600775 
-18.913885 -25.504939 112.535842 213.370028 162.840970 -472.415416 889.056188 -836.869762 1352.872705 
0.019534 1.486662 5.937799 519.524930 464.254196 524.093315 441.161293 519.603298 742.943681 
17.278329 48.799346 34.200857 786.752088 31.247500 -866.209926 453.218550 -181.658574 1123.629487 
111.960389 -10.878743 9.641388 2175.911270 -1260.710231 -284.041103 1623.367725 273.305576 165.115148 
29.435908 13.996378 42.832894 921.999380 532.770969 579.136998 2653.741022 -1430.145900 1701.674169 
40.550336 -0.291341 17.664421 131.783841 -10.081550 -163.274953 883.902597 61.127728 352.114565 
-35.104871 78.059779 13.751431 1208.985720 -871.871988 -523.970748 985.730887 -285.844830 1756.875677 
-6.404604 31.030667 52.520915 502.502848 -355.382729 328.106270 409.662338 -401.484347 1329.636424 
35.844821 -20.313297 35.106768 404.996061 -196.196311 644.186059 841.901357 -165.374521 1106.644373 
25.196912 -7.337623 37.351338 127.519108 -71.505216 22.169946 130.530313 -60.485508 34.712493 
5.351033 1.587246 17.076682 113.044059 321.105336 198.404091 1709.202204 1221.110874 895.083410 
-27.896098 19.815534 44.338842 1419.623429 -104.523107 -665.677431 175.764300 356.824887 1599.562448 
24.361753 -52.840932 24.102032 491.895437 -255.439710 409.757756 2860.453466 -19.613947 561.314019 
23.974015 32.347818 11.788371 1582.436832 -71.692541 209.328723 378.078335 -281.577624 343.821280 
91.019339 9.094406 59.635742 1500.642293 -212.973544 642.575168 123.002675 45.537282 1335.291467 
17.016969 21.444777 15.008174 50.446544 -56.656150 54.650611 121.805614 -313.202073 1638.533130 
-6.849249 11.921698 61.609596 833.862268 -507.588610 -457.172522 1155.325520 -208.841086 870.480451 
-20.570350 -33.016136 36.606172 705.482631 817.545883 -196.674991 1592.042644 -544.380490 211.364324 
-14.176895 -20.062776 26.872531 1199.294087 98.410828 -22.289613 613.755303 -95.396129 24.022115 
0.725447 30.440993 37.693012 1353.524526 241.828510 -584.842109 297.645711 45.568974 341.777749 
-38.652097 24.331230 -32.513114 1301.079634 -215.854528 796.066828 48.336549 -61.949190 1051.237482 
47.090776 8.430160 0.620997 2190.706951 -651.720539 -747.863077 1078.308161 -240.538471 995.184923 
48.089501 76.920959 71.309507 746.951040 799.882932 -12.231404 1601.565188 249.978196 653.826895 
-25.397063 -27.380055 -1.574259 706.721813 331.005771 362.251783 682.742238 20.762337 569.206780 
25.445023 50.495603 -13.661626 414.578639 569.664398 350.401706 1200.754932 -381.657401 2230.516573 
31.801155 19.430199 59.041507 58.861515 60.212518 189.773993 228.278349 286.098802 857.093348 
-2.712982 18.888537 27.516367 371.174042 -59.753504 77.588456 43.957036 -70.097934 857.160139 
1.518473 21.588318 16.719514 455.678392 -282.483630 149.947696 310.762493 -252.930190 411.476335 
-9.597769 7.083067 39.281320 288.408546 413.229329 -78.021927 1438.407865 352.394208 347.608662 
-16.549532 47.061004 -0.765584 1018.020532 -434.659730 744.570196 410.733894 -301.699600 546.322406 
-5.940950 87.183554 -8.827680 561.454039 -269.021733 473.281834 2102.441787 -189.994148 527.515546 
18.634803 -28.127320 6.319364 483.325666 -633.440425 -154.064681 991.110718 226.447830 120.776927 
-33.992927 33.673359 86.637448 1058.751455 -701.016713 -455.581868 645.920871 -256.916713 2475.237464 
9.361358 16.086247 15.680044 354.761211 193.245712 180.465364 368.459252 44.416055 368.185123 
52.141296 -18.810484 0.786176 3037.821569 -2486.928374 -392.263696 3082.211983 844.806251 916.416822 
17.429718 -16.993776 36.330828 1140.625898 632.343260 241.654580 755.462293 -10.585848 113.969675 
-21.982303 12.166998 76.992709 1054.153328 364.965508 -679.151451 169.315423 -83.807980 985.581559 
22.464595 18.333323 42.235257 82.347842 267.747171 72.285733 1030.355885 144.403074 221.562586 
36.599951 77.702065 10.584065 195.203395 242.726861 -81.207330 704.732989 -69.704225 262.327904 
14.238167 33.203794 11.036813 838.576427 -170.163853 -543.753556 425.478448 -263.785099 712.468489 
17.282686 -6.786960 29.149916 515.290968 -260.735443 -1417.179951 1218.897743 726.886920 3938.811515 
-30.439013 46.292494 -1.375819 1785.151099 -630.039298 148.428625 320.607478 -196.359814 411.621487 
27.915998 33.050406 -11.627633 564.413175 679.392149 -329.272227 1408.635685 -236.646139 642.368406 
25.838977 -0.590729 17.685057 238.508006 -421.023231 -217.179941 972.996860 643.342541 638.139015 
32.594227 52.260845 43.576508 240.855802 -114.719771 -74.622831 580.128193 371.106692 237.698761 
8.789386 -8.702843 14.454570 408.106182 80.083328 -182.563545 666.254508 234.016245 195.412714 
19.331589 19.263271 5.733111 1068.097604 -1041.119904 -650.513097 1086.307036 749.861099 703.109673 
-18.974230 28.081676 29.989942 708.408307 145.153623 -14.430601 1005.976650 -32.858395 377.308541 
-7.174902 64.488181 74.278781 163.625381 -76.543517 -240.792262 316.184330 148.833919 760.043710 
7.031966 11.971024 25.628053 355.907204 478.231424 483.358068 2100.361422 512.154422 824.926444 
66.331560 -23.416325 40.230706 1433.248534 -187.591456 295.810816 392.988784 -485.243322 2208.741147 
36.076054 50.059902 133.971696 453.013133 -39.321585 296.024113 191.880640 672.827635 3456.565885 
52.170452 48.405527 74.720056 1987.975910 41.414562 1008.637953 785.577485 727.021364 1467.124285 
16.891235 51.103765 52.165745 275.512089 -247.357385 -426.763872 1371.527553 1439.187811 1649.054619 
43.072402 41.691529 4.869862 1540.660266 952.871590 527.001808 651.372305 176.185036 583.747761 
17.871758 24.402426 20.099098 404.512403 -2.059578 -125.446372 228.620095 -197.830865 212.147452 
26.244456 29.204239 3.922359 1152.239444 284.952859 293.248996 1695.957360 -927.950584 970.394016 
61.192106 75.000245 23.518748 503.819616 349.117151 -29.361207 906.547865 125.757416 216.487327 
3.743284 -25.371134 44.827574 886.588601 17.770101 -829.549777 725.583203 -282.760524 1159.792305 
22.657455 60.307585 -44.569154 22.496372 -71.700848 -91.561547 1479.282758 220.465220 1586.654905 
25.575854 -30.361795 19.672245 660.249748 176.317244 -151.206529 549.605402 3.368261 688.069156 
40.846508 3.108164 32.970581 1648.124903 112.272523 416.657822 389.278908 131.606274 219.809224 
-13.551876 4.637077 80.546775 1128.601797 -707.452547 -1326.852429 935.254596 351.012116 2048.515613 
44.769459 23.350206 29.995815 1958.544856 -724.861135 -264.754571 453.794524 535.605994 2053.407393 
29.354954 5.130636 27.443649 767.197963 -501.279803 3.152560 699.590539 114.686723 53.176124 
0.379194 54.256206 20.435193 156.736948 40.595593 27.055200 1262.841607 -465.005150 2015.652327 
31.746743 2.244007 -12.430617 672.202125 -457.354005 -618.097596 441.416791 656.144849 1264.453341 
-12.513611 86.384036 38.175658 289.899055 -167.945703 265.155924 672.906598 376.776636 842.249098 
41.971082 -7.888526 40.025606 1404.357071 421.462855 306.972355 657.644621 443.947074 1679.941505 
5.831162 -9.818341 65.331321 411.994422 -16.480071 184.143246 682.068884 -1025.002268 1656.355645 
33.822734 9.444134 34.192968 910.714678 797.194769 557.405300 906.911881 455.845242 464.278176 
-11.522605 42.242864 34.935467 1938.702937 -735.507062 390.284146 497.282426 100.637747 391.932254 
-17.592239 68.027302 17.893785 1070.492728 -1311.849298 -420.230821 1797.487747 38.485636 1752.528044 
3.456686 -30.378333 27.750210 1074.466750 -350.162325 -110.075024 823.393536 -257.243293 918.071536 
21.540145 8.849271 8.660201 221.310006 -6.340569 72.311407 357.649589 -204.677647 1629.661812 
23.376994 13.723637 22.703466 1038.594529 -531.636789 -360.564852 429.465280 190.126271 126.611573 
33.760348 -49.278312 87.508378 769.668111 -216.436746 -813.136828 488.470052 -187.595771 1631.433851 
13.009803 47.689354 17.057052 539.295290 -90.752845 88.119494 1457.241952 75.416359 66.187700 
57.917851 25.520983 54.923834 762.091160 280.611000 95.920050 1181.599856 711.089487 1145.683003 
13.631733 -14.895925 24.052892 507.597784 -108.809527 467.837876 1352.524357 -259.196631 450.197753 
-8.133361 -4.366753 21.143107 1048.599372 979.468633 2.317267 940.405152 3.814149 26.920520 
14.595373 26.378588 -1.546112 381.752185 202.819908 -431.745744 1806.392664 -509.703838 1846.860536 
11.830530 28.425784 7.201452 420.491382 179.123774 283.352200 502.835556 217.263478 1658.915133 
45.678393 8.323573 55.657982 534.674102 -221.768723 549.843166 604.247270 -980.314749 2041.966408 
48.251801 -62.998775 120.124370 542.630455 -455.538829 405.920439 1142.618115 -1220.105890 1670.827052 
