45.766889352 7.261370852 -1.683509468 1.367081080 -0.112391724 0.432259001 
47.683187510 3.638706961 -3.894206466 0.421566588 0.111592288 0.183240439 
49.521531696 4.122900819 -3.827758717 1.465847856 -0.956728161 1.163206850 
51.145655532 3.506926362 -3.469655590 0.456185788 -0.418433853 0.902654965 
52.436193183 -0.787573136 0.812767827 2.479184567 0.209666381 0.634639551 
54.173737578 0.692014488 -1.865780394 0.924329045 -0.402203766 1.063781987 
55.670663123 0.657321602 2.878420447 0.349642612 0.541969941 1.252954537 
57.451912146 -1.371724241 3.075661926 0.821336397 -0.487584371 1.440317702 
59.383931526 1.395793510 5.784559675 1.506764694 0.257754104 1.893053141 
60.831281783 -0.579514475 -0.053435760 1.077501956 0.328129929 0.620858529 
61.956957140 -3.966209382 6.108038311 0.793618248 -0.390461438 1.495784771 
63.940483534 -2.818378223 4.282216647 0.260000429 0.336427358 1.187771314 
65.814371370 -2.877820135 2.542173124 1.424921838 0.544128694 0.253810597 
66.969233629 -2.316105926 4.758760035 0.642780315 0.121277276 0.896285463 
68.628639646 -6.502259179 1.669872913 1.788972328 -0.753786235 0.697652618 
69.726003250 -6.642345444 2.220282163 2.284846522 -0.558359085 0.279843083 
71.146151178 -5.177070673 2.666588622 1.898361130 -0.002732777 0.005526112 
72.238625866 -8.797022880 3.207090964 1.372525485 -0.446579989 0.279629832 
73.770085661 -6.428851034 1.801466990 0.562728787 -0.546768561 2.570160146 
75.083261543 -7.682144227 5.728654450 0.860639929 0.247850024 0.325415817 
76.609692526 -13.341161677 9.792469590 2.073327498 -0.864462548 0.377814421 
78.269937756 -8.442112136 6.604834233 1.354647625 0.479645484 2.071032063 
79.933581792 -14.826713360 4.110431952 1.439856769 1.088362978 1.252832931 
81.884977056 -14.869670870 4.030124605 2.811831822 0.553395879 1.018182584 
83.375161320 -13.881437341 9.930593391 1.555457153 0.202179208 0.040938239 
85.282027661 -14.918581186 6.003384499 1.175165375 -0.132376177 1.023289969 
86.633401089 -15.666725153 6.507793029 1.872984372 -0.047328752 1.327620918 
87.971267499 -18.381689619 10.488744464 2.156225579 0.323335859 0.491761857 
89.616518489 -17.531926697 8.002594705 0.418410310 -0.480874759 1.033335847 
91.135715735 -18.909938986 9.284343634 0.778705264 -0.309496748 0.352411465 
92.460002243 -17.222984596 10.286886010 0.412197362 -0.507955734 1.102159387 
94.330235737 -20.270862892 10.965491146 0.649110137 -0.604984266 2.299851340 
96.198997322 -21.227706253 15.811219236 0.865844200 -0.055145872 1.989903311 
97.256332065 -22.836558775 12.000514887 1.001530097 -0.196740580 0.644097919 
98.296190210 -20.369403414 14.635831050 0.661635536 0.082449683 0.422632189 
100.266220100 -19.783719474 12.158272627 1.014845627 0.094369324 0.268900374 
101.296255668 -24.455723722 14.867954468 0.687753969 -0.164452768 1.372175631 
103.136833547 -22.897142573 11.834666560 2.524927782 0.170986041 1.279127592 
104.360324461 -22.508005208 15.479443817 0.928961982 0.590010736 0.397881807 
105.384900954 -24.858191926 12.159047848 0.064858162 0.047077940 2.788404125 
107.325001217 -25.364507943 13.221546275 0.169632512 -0.249635826 0.809197965 
108.409996288 -26.683686411 14.482851304 1.417279695 -0.573557981 0.529779315 
109.667838604 -28.297616851 16.131208333 2.080474471 0.250007387 0.624577418 
111.025008279 -29.600832932 17.488134999 2.111695184 0.416201516 0.798380324 
112.536569356 -27.271978097 18.628276766 1.481340663 0.120136266 1.463091186 
114.448513655 -28.347002033 14.336474586 1.544121145 -0.040065662 0.878195698 
115.616793686 -30.319796145 19.830387940 1.855960071 -0.891747733 0.460091073 
117.215121545 -30.678734970 15.707698876 1.288672851 -0.339704880 0.298419602 
118.481111800 -28.996273264 16.157408522 1.495659193 0.423110114 0.532279620 
119.983156764 -32.450677810 19.712660105 1.888044404 0.489365133 1.141289672 
121.390271273 -34.273345042 19.971014984 1.981284028 0.946854909 0.508717709 
122.437647505 -35.237682306 19.093541964 0.515329002 0.633958672 0.937624584 
123.964079272 -29.263393073 17.696202111 2.753054833 -0.406745773 0.172041082 
125.149775297 -32.805625065 23.036341595 0.557410774 -0.036970438 1.139409969 
126.577156819 -38.716675595 22.634513661 1.365596701 -0.268653951 1.830796244 
128.025064716 -33.792604706 23.972570807 0.819360478 0.156134814 1.421474347 
129.087345337 -37.359659454 22.789872290 1.287350617 0.021008617 1.327822719 
131.021680943 -37.858993234 23.509858269 1.698356361 -0.591935904 0.340083991 
132.692383721 -36.802949261 24.848950004 1.336616332 0.635233696 0.986691367 
134.343364200 -38.971887435 19.783267160 1.715928700 0.733165754 0.926855202 
135.435204385 -40.570978841 20.021548980 2.084015337 -0.459595046 0.823786434 
136.891406892 -41.815615187 24.233221185 2.256418645 -1.022020860 1.588540766 
138.526977885 -40.850010843 20.430908224 1.930914662 -0.374796304 0.764492757 
140.017151217 -40.042914873 24.887714238 1.291358700 -0.019229833 1.164478076 
141.775475735 -43.036366917 23.096507013 0.160714422 -0.278173776 0.800207685 
143.729550153 -41.298537205 25.330339050 0.445238539 0.616210646 1.374075056 
144.891655673 -41.803141018 27.887595324 2.148556403 -0.030202406 1.613694723 
146.772404551 -44.197597687 27.824752433 1.249222470 0.797404739 2.180709471 
148.345448913 -44.085027020 24.951294581 0.241193867 -0.494832790 2.180378198 
149.644151143 -40.123057046 27.110863289 2.136597934 0.393237513 0.223103521 
151.505785726 -49.719283587 26.635583308 1.604279849 0.196080692 1.671064552 
153.394904468 -48.371202884 25.217673775 1.276368248 -0.967554860 1.008864176 
154.774625183 -46.630236153 25.214774448 0.453775136 0.184703876 1.779946900 
155.978857038 -46.177168704 28.460633819 2.062998936 0.596788790 0.459943178 
157.349351889 -48.313744025 31.811964391 0.826365435 0.168101495 1.628564849 
158.692955066 -50.105526659 27.283356857 2.395182988 -0.804106749 0.371334922 
159.702618444 -50.059012407 29.114520882 0.232659011 0.490427909 1.334137185 
161.444112337 -52.805092477 29.161911933 0.301713435 -0.277785863 1.502627714 
162.865653105 -55.477730340 30.890430406 0.539795309 0.113099543 1.565164371 
164.833108666 -53.955933421 30.916587822 1.299859306 0.320251896 0.567886780 
166.125367780 -53.803535105 28.702537014 1.513512038 -0.724401862 1.022922420 
167.134719122 -50.358898890 30.868976942 1.644824244 -0.722413546 0.690267329 
168.189989895 -53.848092870 33.185906579 1.005617553 0.040899497 0.514935927 
169.434557426 -53.718718589 30.140202963 0.293709920 -0.588889380 2.340805536 
171.424479887 -55.015556535 30.006469333 0.458661960 -0.194559285 1.034491243 
172.863821971 -60.713686073 33.151565134 3.044445709 0.041514526 0.708895438 
174.173506565 -59.455738426 35.689190280 0.942328304 0.400055094 0.891936188 
176.084569670 -58.605149525 32.774120250 1.065188830 0.695536101 0.454371435 
177.858266480 -58.667712525 33.403902906 2.553240877 -0.380213845 0.669646250 
178.906976932 -57.704598960 33.232028388 1.319516814 -0.632284604 1.701821005 
180.372884404 -60.335899190 39.963175312 0.667216628 -0.422752552 2.749137358 
181.766088842 -67.861150624 35.317473586 1.808272161 -0.173730238 0.677410761 
182.815946176 -63.813118714 34.653412954 0.553429745 -0.451893597 0.711034347 
184.156154238 -62.019636489 37.558617326 0.510314721 -0.257783563 1.011300492 
186.138906545 -62.527227065 36.537192281 0.380080470 0.012406122 1.827280238 
187.140866137 -63.576963982 39.353874942 0.281775434 -0.334003033 1.367366857 
188.472349177 -67.051690805 37.227118552 0.897336956 0.986493104 1.141598877 
190.153914771 -66.870739168 35.109742352 0.328576018 -0.418648194 1.201450548 
191.894438452 -72.938977648 35.947933502 3.130711984 0.596672604 0.358051906 
192.939775694 -63.793790472 36.176932195 1.031025514 -0.344159395 0.793243335 
194.647537766 -72.088471765 39.661349620 1.735074131 0.135381085 1.167970583 
195.854816762 -70.570583117 38.487155697 0.925797053 -0.356862825 0.420992674 
197.562902017 -68.101928123 42.077341654 1.205636061 -0.536310204 1.250935370 
198.745897246 -71.194443529 38.083865011 1.169203289 0.336277795 0.473351078 
199.746942527 -70.320075550 37.688012120 0.785077313 0.562117240 1.180664294 
201.524832711 -69.858765238 40.570830710 0.638676135 0.678297729 0.906564387 
203.062734349 -73.198450105 44.453131151 0.677144026 -0.464089683 1.557284493 
204.666903197 -70.670221344 39.413182322 0.815737767 -0.472754098 0.398927157 
206.513617942 -73.207064640 44.324385820 0.903832365 0.846399630 2.735230386 
208.180390299 -73.204969337 41.918841140 1.426186048 0.331868527 0.777890955 
209.676078057 -78.661181700 43.234178800 0.497239903 0.038613427 0.131200531 
211.502329856 -78.969546222 46.127244956 1.074911458 -0.627471560 2.671092253 
212.675106583 -78.346549596 41.955827824 1.215810537 0.706562496 1.519159935 
214.600797220 -76.257532247 42.615870446 2.612686602 -0.711044956 1.093675138 
216.494089113 -79.622327442 44.086021944 1.875417991 0.088357981 1.432839253 
218.181881799 -80.294152021 45.367215187 1.594660830 0.028178552 0.612579598 
220.027211443 -81.338984831 47.246191038 1.333940047 0.552618074 1.309845194 
221.666439692 -85.630581571 51.411061586 1.834703385 -1.257589614 3.472799884 
223.520558544 -82.046193032 46.044243493 1.603225673 -0.022500856 0.989437072 
224.878322012 -79.102396302 45.340060262 1.723444100 -0.513345770 0.495613805 
226.136443211 -83.321304460 45.446461727 0.507860839 0.567217681 0.954430538 
227.155652333 -86.217686152 49.686100659 2.093490599 1.788127871 1.739640774 
228.472336116 -83.445100371 51.149112971 1.519834697 0.674631859 1.138983704 
230.214296432 -86.389748159 48.518753298 1.214241045 -0.231675060 2.367901065 
231.771654629 -89.027243460 49.523524892 1.144773868 -0.649694405 0.569345007 
233.491988095 -89.297749196 49.993610637 0.905373606 -0.107603921 1.832184767 
234.767052323 -88.980992266 48.537086564 0.276455009 -0.102396633 0.844883240 
236.029393624 -89.722959309 48.431697548 1.136317844 0.177338554 2.878906544 
237.882086747 -89.382957532 53.361648504 0.698338084 -0.036336636 0.136708956 
239.305210184 -93.419864335 53.077660206 0.957079691 0.058075934 0.221396400 
240.911692183 -89.713021692 53.415285929 0.244868314 -0.375324458 1.442126513 
242.072468633 -95.089270780 54.647834366 1.254419569 0.052671542 0.209078781 
243.679420433 -89.546958801 53.334877012 1.588884638 1.340855891 1.146804179 
244.885840982 -91.695574839 52.059655967 1.027601019 0.579200286 1.629241424 
246.755755302 -95.004181845 51.632357294 1.474620330 0.238344453 0.636756696 
248.002342827 -97.241816985 54.953017756 0.489328120 -0.548163769 2.189425849 
249.288583410 -90.294055457 54.563793907 1.890988563 -0.307040213 0.265913296 
251.101448745 -101.034848576 51.654422109 1.893217363 0.646576030 0.382475040 
252.682789154 -95.499466498 54.443155018 1.760185849 0.504234568 1.120386361 
253.839736702 -93.765500678 57.303722123 1.299361788 0.430847318 0.660188912 
255.622864255 -96.538750583 57.918773945 0.590669638 -0.415472439 1.376152033 
256.754601690 -101.159736582 54.162540884 0.589923897 -0.191409300 1.218406317 
258.546277879 -98.101962546 56.237169952 0.580172808 0.284785406 0.528700203 
260.153316842 -104.340857606 55.199722825 0.908447802 0.251880624 0.753927546 
261.416216693 -102.447816566 55.841466984 0.178715299 -0.202842595 0.769203230 
262.653361176 -101.981535225 60.603619548 1.191271932 0.436612959 0.188976734 
264.028493994 -103.943563436 57.539252128 2.365842601 0.260846695 0.357204254 
265.699751669 -107.329849195 53.443794091 0.617616160 0.395547197 2.149011934 
267.017105798 -106.774097936 58.976444268 0.645340688 -0.328558404 0.380043736 
268.300224522 -104.812558681 62.463329182 1.534069572 -0.417248017 0.703388627 
269.764835213 -104.215530740 62.033504844 1.280113242 1.077596247 1.067334539 
271.677178855 -108.459035780 58.617395133 1.063963984 -0.004383033 1.501416932 
273.559690424 -109.313831234 60.680487976 0.126762009 -0.078897506 0.399318119 
274.985554682 -105.862611504 60.872776218 1.537205413 0.660035355 0.570719848 
276.659227695 -108.276227873 60.214419170 1.327281285 0.180842357 0.225962535 
278.005813459 -112.060288327 62.030043566 0.967467904 0.568221551 0.678124607 
279.816804166 -106.847519789 64.652604348 2.135015497 0.799533187 0.944659392 
281.045228741 -114.543312243 61.318423519 1.243104191 0.944688691 1.092074403 
282.828824233 -113.943896835 61.923175434 0.739809634 -0.124072660 0.250192252 
283.969872530 -113.956892184 64.805145449 1.422592043 -0.834481159 0.500518096 
285.507056590 -111.851143680 61.505482397 0.788636729 -0.703478805 0.822788030 
287.076400975 -114.210113768 62.913439464 1.314278047 -0.150081275 0.373624632 
289.034496086 -113.760097928 67.368182421 0.272627381 0.089052730 1.387667157 
290.386912090 -113.074988319 65.292801184 1.273466850 -0.181946269 0.746142767 
291.575320247 -118.467512900 64.862061968 1.876323889 -0.861472969 1.056709050 
293.263558709 -115.262380834 64.961562751 1.721789606 -0.617039161 0.999500057 
294.916001108 -118.207867076 68.263569411 2.478893235 1.075152085 0.846653534 
296.409657737 -116.566407429 69.236731563 0.189442094 0.298313338 1.428546232 
297.534301522 -123.532680013 71.204981933 0.907775084 -1.024596799 2.301672163 
299.235782967 -120.263859499 67.671335544 1.736953109 0.561832592 1.517376979 
300.789106549 -120.181273954 65.369470928 1.131106845 -0.360270490 1.113975827 
302.617117661 -122.999601566 67.978096556 1.284168213 -0.877628256 1.746496449 
303.862283251 -125.150811837 72.378183367 0.994539699 -0.306147475 0.587158139 
305.254763065 -120.203634821 71.500329211 0.530051389 0.610622972 1.112844415 
307.010329053 -126.260567773 71.403190312 0.840159052 -0.983949965 1.649937757 
308.774487840 -123.668324962 72.803033889 0.527457305 -0.325664974 0.490614857 
310.380814993 -125.074128817 67.318556415 0.449273186 0.240728872 1.857488463 
311.866395188 -125.496597899 71.449045302 0.530608030 -0.813423153 2.594433757 
313.359282636 -126.686330997 70.244689144 1.361902721 0.049743736 1.685182540 
315.078498589 -132.431793561 71.403893510 1.755133476 0.503149352 0.314321942 
316.634896685 -129.256156640 75.060968286 2.143273778 -0.809569448 0.670539013 
318.564294155 -125.879011795 73.696756710 1.800920583 -0.509600611 1.104182983 
319.710783181 -128.518276907 74.838397715 0.960793680 -0.104019338 0.289691009 
321.157338214 -131.800468467 73.483061310 1.053482902 -0.416293929 0.757555013 
323.084323432 -128.376961812 77.618196212 2.478036952 0.785510936 0.738684907 
324.259246597 -132.498839339 75.304277268 1.003571720 -0.581861404 1.502338565 
326.024250979 -136.308164678 75.695714439 1.717144274 -0.611125908 0.881270620 
327.646989723 -137.744190035 76.095395284 0.908338596 -0.291618335 0.766366899 
328.806780831 -136.000683504 76.395882748 0.431321559 -0.151708851 0.907033698 
329.893329790 -136.918435532 76.067242648 0.608390536 -0.286110772 1.333998583 
331.572893934 -137.112620985 79.627234303 0.509671038 0.390679987 1.853812592 
332.838565122 -137.849005642 76.341788544 0.835692333 -0.467800411 0.415774790 
334.338923176 -139.575952623 79.675973098 0.236878495 -0.204541477 0.308252079 
335.501085700 -140.128934767 77.286277053 1.117262804 0.532101570 0.823775777 
336.722156635 -135.966058474 77.303872832 1.338555765 -0.619731914 0.860267310 
338.482130149 -141.154122386 79.244726779 1.605705323 -0.730779496 0.721427500 
340.475968699 -144.254752893 77.767522005 0.823766464 0.242229978 0.812309020 
342.136068167 -144.203187412 83.294358065 0.810337803 -0.369833404 0.620197460 
343.850137462 -139.523720297 81.056555897 0.885186270 -0.286626681 1.880072427 
345.499742675 -144.252284132 80.615689621 1.809949921 0.882445538 1.634470617 
347.242287832 -138.683008214 82.266409825 2.267630351 0.709056923 1.302695946 
348.567243499 -143.437736359 85.184580267 0.783852206 -0.308656986 1.964897152 
350.394697898 -142.915692586 82.348746805 0.693409092 0.167913303 2.579333001 
352.128820175 -148.264685308 85.574320057 0.913241389 -0.095740287 0.721238008 
354.116904587 -146.550119143 85.951012754 0.951222183 -0.386082452 0.321402831 
355.481512026 -149.905609758 83.025657165 1.766357898 1.258471088 2.051673962 
357.301809945 -146.150775559 81.759941905 2.695141340 -0.619036281 2.688090380 
358.994348330 -150.074779127 86.655002982 0.560670176 -0.024671781 0.760408168 
360.385553398 -148.627414870 83.540302136 2.509292817 0.576526302 0.797787059 
361.979922962 -154.828447402 89.909564177 1.595274523 -1.148853693 1.035918672 
363.659616598 -153.031470789 87.479038970 1.310285372 -0.688932908 0.988202428 
364.921061347 -154.670524141 88.078209784 0.445269879 -0.550811015 2.532052206 
366.488375123 -155.771270447 88.009778018 0.868503346 0.550854756 0.901155857 
368.436468767 -157.304376224 85.894801665 0.820341686 0.191412896 0.216906767 
369.766892185 -153.201252733 88.494705679 0.248003437 -0.317326343 0.685118990 
370.928657650 -154.701440259 91.457948683 0.909679540 0.673403758 0.816266778 
372.626081118 -158.154234608 87.312784835 0.491320092 0.213997474 0.636737540 
374.260000272 -156.140832380 86.015406888 1.382271167 -0.177941495 1.572713987 
376.157511165 -156.928034065 90.834495245 1.516345550 -0.502873463 1.245698610 
377.780043206 -157.435427454 91.065742617 0.099121749 0.029475261 1.266622699 
379.699514740 -160.773724226 88.780749973 0.203188645 0.475994864 1.515318725 
381.016529317 -160.035467188 90.004755547 0.687362223 -0.298583422 0.609350750 
382.068077118 -159.663652372 91.451676666 0.510279257 0.099355005 0.600772011 
383.751567556 -159.743156305 93.420777998 1.477995352 -0.007647624 0.357705481 
384.868893846 -166.564985008 92.705935817 1.475412912 0.365818960 0.256455106 
386.335881205 -167.107099482 93.239598127 1.671033646 -0.113008120 0.369660727 
387.689260885 -164.632960079 95.654938298 0.926239512 0.414203310 0.573326362 
389.080635654 -162.101075216 93.018452319 1.493267629 1.020835215 0.960297550 
390.621206736 -167.641373408 97.577094275 1.818670654 -0.531873230 1.007237334 
392.339534104 -165.143906879 94.378039695 0.641642382 -0.261537632 2.858330022 
393.875053203 -169.586981759 95.901294794 0.455670954 -0.452287244 0.615316233 
395.667217759 -166.196292272 93.370169308 1.775541934 -0.152872102 0.305592264 
396.951746300 -167.914421959 97.835556505 2.823605968 -0.661124224 0.236936627 
397.997228741 -166.007245776 100.698570801 0.811549857 0.611277763 0.727193857 
399.487224290 -171.272118231 95.320839474 1.596994811 0.926258775 1.064833176 
400.760732168 -168.436105202 96.678401280 0.727197844 0.151064004 0.180348030 
402.362134917 -173.901214307 96.359284310 1.605252802 -0.404430345 0.559994073 
403.448011506 -170.187864650 99.607064049 2.392145415 -0.897813038 0.837363717 
404.556303821 -174.986262521 99.393508361 1.345388100 0.512433857 1.282434222 
406.334248604 -173.978345635 98.271327500 0.803106561 0.063219834 0.536059015 
408.091037120 -172.196825748 97.742675765 0.940205937 0.443732415 1.549578816 
410.018585636 -174.622673625 97.922196794 0.643373829 0.764964424 1.089284882 
411.469522446 -176.781039689 99.936065888 1.858534364 -0.575567803 1.528495240 
412.852097405 -174.161937344 99.661032319 1.667715686 -0.448238790 1.084608800 
414.034605045 -179.657614723 101.545088041 0.312712866 -0.140134127 0.698728889 
415.565727165 -178.272137440 98.653272424 1.238308784 -1.134008342 1.770828577 
416.996220324 -176.555484964 101.026036748 0.434605015 0.098442134 1.127875999 
418.317034546 -178.969681127 102.129986661 0.336622221 -0.716293879 1.936040649 
419.814943741 -177.993304982 101.452691787 0.640565038 0.516892619 0.901444674 
421.710916563 -181.205104203 104.806717094 2.148668851 -0.985718684 0.958940320 
423.322780703 -184.632231504 107.144361722 1.175806085 -1.416867660 2.601088770 
424.530266819 -180.490099317 102.603868420 0.396252280 0.079385258 0.230142604 
426.370775864 -181.063405650 105.040652409 0.836291483 -0.203940698 0.105207453 
427.730069241 -181.718682208 104.430849685 0.379527896 -0.482564551 0.786205448 
429.042925913 -182.012106909 107.470063680 0.597311772 0.411149721 0.606200138 
430.968919719 -186.775162717 104.487640799 1.643556258 0.097060664 0.725978445 
431.977751158 -184.676976300 108.427727718 1.644827332 -0.126876182 0.789110762 
433.881703255 -189.223224560 105.579784941 0.721488845 0.249000545 0.696172955 
435.420397529 -183.930014513 100.644183758 1.322724201 -0.258522392 2.272902200 
437.352630355 -187.725073720 105.724772663 0.689305213 0.229980285 0.493789006 
438.633651545 -192.297331679 106.912795427 1.682000435 0.778949144 1.707948545 
440.280052596 -191.542805339 104.186911209 0.634422373 1.031371055 1.936104516 
441.887324243 -192.572774449 109.163384799 1.715610363 -0.262095792 0.387403485 
443.627612941 -192.197079078 107.217428326 2.111917884 0.865419135 0.918793181 
445.548764268 -193.556607234 110.482934856 1.833969679 -0.023352264 0.965906423 
447.427806967 -193.219848167 112.820708284 1.045880020 1.206966321 1.544879410 
448.471164091 -192.912397704 109.413522391 0.316302594 -0.180654958 1.838384900 
450.438831375 -194.570336670 106.130723799 0.867897687 -0.305033905 1.098202260 
451.974392919 -191.365428104 111.380264817 1.127494942 -0.430492672 0.930831189 
453.688645969 -195.719126022 109.963749915 1.556848778 0.064500129 0.609013730 
455.191956182 -199.956414879 112.023754949 1.025959684 0.040080035 0.990186584 
456.218834953 -197.775081796 112.916695458 1.564323458 -0.303549535 2.326746277 
457.666124028 -199.617491047 111.883703103 0.903462665 -0.562716657 1.142668197 
459.294576097 -197.620975531 111.186350246 1.457331679 0.386558750 0.830823477 
460.517501568 -199.060316511 115.174465653 1.191343439 -0.390949029 0.491169952 
461.681645984 -202.188951510 114.153684870 1.253494413 -0.454669274 0.221389933 
463.420298126 -203.247201615 112.826297899 2.293749539 0.381012575 0.374132659 
464.602605412 -203.178493351 116.373938474 1.433209834 -0.005061993 0.513978371 
465.804628221 -203.515769522 118.519581314 0.619889268 -0.691729192 0.895167503 
467.785519192 -202.096339918 116.465407694 0.902464002 0.914574169 1.336780515 
469.391541902 -205.366919409 113.067785882 0.380975933 0.731359328 3.188516605 
470.577459020 -206.774145665 117.981828505 0.441281711 0.180036936 0.604440175 
472.520586871 -211.152678986 116.843444485 1.947443691 0.054409114 1.489879454 
474.170707725 -204.163237744 117.375677139 1.007428799 -0.036036678 1.581616746 
475.305530919 -208.884039379 115.134840020 0.294855129 0.380306661 1.388110092 
477.008483890 -209.415457063 119.709911420 2.343669732 0.519192091 0.370840051 
478.991538691 -208.068869559 119.363425673 0.847180705 0.469812095 0.466778766 
480.230241904 -208.598998893 117.340584648 1.480225558 0.121955455 0.912476520 
481.584613821 -212.468824945 118.296228805 0.350303771 -0.719360983 1.775028412 
483.570816452 -213.801647833 120.085228655 0.471632263 0.539780090 0.681515024 
485.541221466 -211.475314761 123.576415537 0.105768064 0.072618048 1.648242700 
487.197398434 -212.840095256 119.078194342 1.030068002 -0.375354423 0.494441174 
488.643866038 -216.568795528 122.945767419 1.152526885 -0.458076369 0.383341260 
489.747481926 -215.473138182 124.137808711 1.324415270 1.310002687 1.744159537 
491.216175788 -217.881498180 121.518236774 0.657106749 0.513478243 0.693658200 
493.128218342 -214.093060231 123.975651980 1.126417266 0.177287716 0.796838483 
494.629206378 -217.740981028 121.292321405 0.139218688 -0.261405846 0.504582559 
496.122208136 -216.641073533 124.232990883 0.889792297 -1.016517230 1.712312631 
497.633681534 -218.526197610 125.594106457 1.068136545 0.027774185 0.850098277 
498.730416203 -217.331765251 124.297654802 0.712835234 -0.879003366 2.019186147 
500.389857979 -220.074650809 123.430412625 0.585634358 -0.081894725 1.804525234 
501.821125032 -219.577486510 125.800886955 1.556318983 0.714167377 0.697715908 
503.318982084 -221.904433084 123.817632774 0.513340389 0.027858673 0.094933854 
504.451235118 -222.497822603 126.971624833 0.312254214 -0.416517367 1.468768172 
506.330862102 -222.193192800 127.323012200 0.172632050 -0.086584790 0.832506516 
507.473816449 -222.470879424 127.135305815 1.254377209 0.171917763 0.425341415 
509.341565655 -224.561780137 124.716390319 0.431710897 -0.498869825 1.196626752 
511.270655640 -227.594789930 126.481722886 1.901082042 -0.257111079 1.430874624 
512.768491895 -224.975039004 129.867432327 1.530067124 -0.329763581 0.430463817 
513.987240168 -229.610043887 128.920484160 1.052355181 -0.071882313 0.839340911 
515.536508615 -226.222696239 131.878789262 1.099620599 0.287844015 1.050817048 
516.924257537 -230.545341934 129.601323995 0.589603343 -0.184487080 0.946675328 
518.203672211 -227.230388501 128.591502411 2.552525874 0.982732894 1.533990883 
519.589917546 -230.983077993 129.262046434 0.348686099 -0.259274753 1.584095444 
521.127514073 -229.895284328 128.993349029 2.582430319 -0.259177744 0.922159722 
522.772637578 -231.010015126 133.103036508 1.396013904 -0.425147865 0.584566970 
524.479195261 -232.053972865 130.447958668 1.106919398 -0.966124405 1.196088960 
525.567766246 -234.612794381 130.925626968 0.723900571 0.142931055 0.426964742 
527.210002480 -230.954218995 130.798635734 0.247481372 -0.139823918 0.868036497 
528.976948362 -234.014492292 130.408028557 1.215010538 -0.559266278 0.846327161 
530.494011508 -235.459299648 133.568215337 0.345169783 0.438406407 2.275454684 
532.216577034 -238.758350599 133.781798459 0.965515576 -0.496011911 0.813552039 
533.957550323 -236.062616137 131.106946856 1.111546967 -0.321150221 1.836842253 
535.818648290 -239.310862077 135.822417873 0.771603474 0.278114670 1.641098492 
537.770268645 -238.143953831 132.788393317 2.866573320 -0.612287315 1.614288475 
539.437748968 -240.998414187 136.097400997 1.283286385 0.591831463 0.401226923 
540.603924674 -237.277280587 134.839393282 1.577321262 0.473580597 0.166844340 
541.699837328 -239.569240639 132.077817840 0.872664683 -0.414127361 1.726478924 
543.268532631 -244.164289494 135.048095014 1.558068908 0.152582034 0.390776223 
544.518601030 -244.542691519 135.676846118 2.208970087 0.670708696 1.227416541 
545.834617510 -242.382384049 135.614325759 0.719731779 0.258261573 0.565931951 
546.982546406 -242.662336520 137.459891588 2.079823409 0.358096181 0.541382722 
548.656260032 -247.693435735 135.066683863 1.848823725 0.292968447 2.305541287 
550.394273495 -244.513987748 136.503929161 2.835687408 0.744782396 0.408601583 
551.896606269 -249.154076059 140.987669094 1.754957058 -0.528447612 0.709807291 
553.276674313 -245.954588821 140.045448602 0.247739182 -0.266052482 3.379272812 
554.788138803 -248.252537486 138.305200384 0.899838539 0.662651315 0.578754909 
556.224053060 -246.568221591 140.905244890 0.463545269 0.450533056 0.674573921 
558.017067149 -251.009761771 141.758587317 1.397872931 -0.535282739 1.420104983 
559.275747062 -251.703925008 142.583871650 1.367241963 -0.604455987 0.967756999 
560.423684750 -247.800704043 146.975545251 1.409500107 0.650509647 1.372711654 
561.629453192 -250.455814835 146.494593688 0.476638870 0.899830931 2.377880225 
563.037778796 -251.037910446 144.005290780 1.835356332 0.236385099 2.403123076 
564.163058315 -252.748446052 141.526813471 1.588119838 0.208559108 0.725366897 
565.215075898 -251.213557054 139.396197924 0.306126112 -0.252288179 1.559334809 
566.976795356 -255.778138493 144.186862102 1.066325515 -0.121783456 0.094437341 
568.766015143 -254.384851186 143.923960084 1.245788790 -0.117899201 1.025527583 
570.474047051 -254.861586885 146.281871032 0.337672857 -0.556516206 2.230221903 
571.643678746 -256.410756779 143.456040851 0.623671690 -0.009987751 2.699528829 
573.606892393 -253.429972363 145.932972634 0.870047123 -0.343770215 1.337886779 
574.877464486 -258.014707755 149.973309144 0.070074012 0.271366766 2.318875353 
576.318985940 -256.448895789 144.741926408 1.274984702 -0.236670581 0.090287283 
578.145199919 -259.524288088 145.475011417 1.113628448 -0.899359095 0.933535872 
579.930872594 -258.165057941 145.671979575 0.156467916 -0.051089800 0.895791481 
581.345448478 -256.964308868 144.904319149 2.104671478 -0.629768760 1.219500780 
583.160988893 -263.594413997 147.601549844 2.037821249 -0.745274857 0.880912419 
584.257948624 -263.201373423 145.202354585 0.283726998 -0.451156555 1.774009780 
585.485424373 -261.916560435 148.514518897 2.212210203 -0.351251133 0.182031544 
586.891960963 -262.016642822 147.403980524 1.409645001 0.681954942 0.790432200 
588.385175598 -267.152481042 153.423838180 0.793728369 -0.635970360 1.752115804 
589.995600025 -262.701889154 150.400256200 0.409560636 0.088691503 1.046455710 
591.143578312 -263.372496213 151.265007242 1.180878668 -0.403911986 0.591948979 
592.391685580 -264.881121378 148.525439717 0.831514639 1.079111756 1.827009877 
593.892951006 -267.880286664 150.329181436 1.391079097 -0.715212111 0.468431728 
595.023238059 -266.288201515 150.290902952 0.576005735 -0.016237513 1.039500435 
596.810330247 -267.610093011 154.339508663 0.943020667 0.528093422 0.535165088 
597.917313292 -269.630368039 153.721577556 1.161377100 0.543432858 0.337625726 
599.483280924 -271.178185783 151.133391869 0.957035618 0.614796100 1.996274217 
600.824029956 -269.227631207 146.102220812 1.887964030 -0.377153021 2.257446659 
602.011896306 -275.196536301 155.349201813 1.010208981 -1.077252997 1.178003206 
603.263159643 -277.260227510 158.100830522 1.521703763 -1.021603344 1.415613603 
604.583760103 -274.938772518 152.124872490 1.731265789 -0.121777110 1.024954572 
606.178737677 -269.078962971 155.476035747 1.026002886 -0.259950036 0.243663761 
607.964884611 -273.582177960 157.643804057 0.416777407 0.588990169 1.287744308 
608.980000976 -274.042019961 154.093324431 0.982740596 0.687587777 0.882688971 
610.876163381 -274.772612567 154.414530999 0.980195536 -0.058829706 0.185050892 
612.636659976 -277.593670684 156.587030787 1.958581404 0.798348697 1.736007187 
614.298881314 -276.683803376 159.428719015 1.176000260 -0.283655722 1.114364473 
615.771904823 -278.997302530 158.628966331 0.271016961 0.510344034 1.239778417 
617.073158853 -276.878747560 157.155080911 0.223753767 -0.431898868 1.614931252 
618.840528066 -276.419420735 157.662733840 1.789206988 0.589440599 0.998492390 
620.612873348 -279.743132421 157.752168889 0.597740527 0.055132580 1.608939177 
622.503832899 -277.386639429 158.346740076 1.428634420 -0.297459142 0.512657019 
623.949119653 -282.224325503 161.910442046 1.158758776 -0.326455922 2.025980269 
625.035817014 -283.170510255 162.640718909 0.456456671 -0.663767575 1.200869714 
626.392929711 -281.239875390 162.453153727 1.344278999 0.308039016 0.715667168 
627.915750688 -284.688429681 162.938350578 0.647079030 -0.488266439 0.401113226 
629.694762104 -284.643856657 163.822227434 1.439709451 0.485595573 0.984542345 
631.051576098 -285.481009600 162.066360547 1.105179562 0.391318525 1.246458651 
632.897622977 -287.717054765 163.269231284 0.154103147 -0.129156887 2.406873847 
634.001567779 -289.399671945 161.273698527 0.817914568 0.474656507 0.491860927 
635.493596411 -284.367376265 163.666353499 0.424445411 0.358044891 1.469547968 
636.653533468 -287.206500491 167.243952937 0.292494497 -0.002073300 1.190208292 
638.622672689 -288.807681567 162.571256252 0.685968848 -0.606434734 0.862113418 
639.844645153 -288.034058221 165.738153810 1.173925416 -0.075790080 0.175902426 
641.237466541 -287.119005437 161.191852076 1.915359791 -0.280815610 1.190447940 
642.665293984 -290.749055358 165.576850066 1.777948703 -0.459251096 1.983230167 
644.423246187 -293.829146715 164.684712420 0.304841700 -0.336541950 1.780580764 
645.449892576 -290.839246075 169.239107164 0.205753374 0.210637283 1.420092158 
647.339094584 -294.690467724 166.913335627 0.991058178 0.441439310 2.848605336 
648.368906983 -292.439632072 163.962769106 0.670338000 0.875447739 1.866096270 
650.063264401 -295.183596096 169.042866897 0.932271060 0.096645303 0.623078264 
651.605943942 -294.344388447 167.621925338 1.576303682 0.544828958 1.272161664 
652.725635701 -294.813706596 167.348360949 0.750086341 -0.264782481 1.531711592 
654.152592777 -297.678505552 168.332043541 1.107386420 0.722491901 1.816968495 
655.222934551 -296.008086399 167.355058027 1.421039301 0.285292583 1.250017682 
657.076088694 -297.024010399 171.288035919 0.400537337 0.336258586 0.358657730 
658.260145123 -297.673134719 167.442566289 0.678053357 0.364079254 1.277292451 
659.921338053 -301.395238886 166.644086973 1.371236176 -0.217017647 2.789416549 
661.075112652 -300.738081852 168.386885225 0.869294867 0.151652676 0.486322173 
662.773038663 -299.481420245 171.604871475 0.512665227 -0.510764733 0.568152866 
663.901040351 -300.855901446 171.184182962 1.971458738 1.273673704 1.662374191 
665.350721495 -301.172078702 172.255367207 1.101207018 -0.684744036 0.969871626 
667.289949723 -302.919788610 174.873604291 1.063452421 0.561541652 1.852177561 
668.322074438 -300.623966275 171.963602850 0.861925757 -0.239429105 1.057962434 
670.088238916 -304.402788684 170.382708119 0.100440321 -0.041803374 0.468486356 
672.079038379 -305.215616489 170.623208468 1.015769957 -0.382061105 0.732117908 
673.546425430 -307.952310835 169.705310955 1.258826000 0.811490069 0.576284680 
674.716657742 -304.961155080 174.078494004 0.260609601 -0.245000445 0.986997729 
676.211459258 -305.471504281 172.442200221 1.299759643 0.108899673 0.558909393 
677.992900067 -309.066120125 172.777110288 1.935972814 -0.436091954 0.265719589 
679.835323171 -306.841444176 175.114610570 1.414304257 0.384423405 1.421767969 
681.042941310 -307.266141542 175.254473585 0.683121114 0.535578010 1.042168806 
682.765833638 -308.634563459 174.538242591 1.841865624 0.000788316 0.138129378 
684.609840920 -307.931557228 176.736800267 1.420033866 -0.272934481 0.526526469 
686.489773876 -309.758040263 177.456366525 1.167639628 0.654741615 0.528003048 
688.488431032 -311.840288636 179.774165211 0.685161154 -0.407605128 1.531556437 
690.416426324 -311.947877027 178.375042957 1.617875870 -0.296401154 1.186241934 
691.973481924 -315.567989437 176.335616194 0.117681451 0.077225566 2.126918734 
693.413718154 -312.599148960 180.597799766 1.625261551 -0.156164221 0.676788540 
695.295371600 -317.477651746 182.402577185 1.475360871 -0.891937631 0.715914675 
697.108299136 -318.150827287 178.803017863 0.917489437 0.175580796 0.958760250 
698.865255349 -315.988976817 182.267571014 2.119003077 -0.079974801 0.346761746 
700.765692647 -322.337973913 178.528943139 0.841646222 0.286732763 0.645670892 
702.742268617 -321.782997222 183.285626253 1.547941360 -0.171930144 0.582090505 
703.796721833 -321.690441012 182.734307603 1.124512475 0.973501940 0.893945282 
705.529346669 -322.704385453 181.746040689 0.758112926 0.823856183 1.999366843 
707.455811120 -324.537513755 184.419180690 0.813462727 0.085605293 0.377079395 
708.638993091 -323.980061769 182.558867791 1.828100038 -0.349991439 1.485439914 
709.743692238 -322.316368501 184.803256728 0.601714701 -0.366147678 0.700079221 
711.180780799 -328.156119941 181.395951393 1.930647585 1.585242744 1.822704255 
713.052164978 -326.939759966 188.271521788 1.183952442 -0.051411355 1.144670442 
714.591539313 -326.882460740 183.314187634 1.553777007 0.175240046 0.447997234 
716.175016213 -328.746363494 184.686833324 1.548153249 -0.084029966 0.098263515 
717.384322296 -325.459033314 186.453642438 1.082325771 0.251431062 0.650322304 
719.382576850 -328.765217427 188.515387166 0.697407579 0.027260073 0.436669755 
721.314744536 -330.901562237 190.104434005 2.087420810 -0.313363103 1.202532338 
723.136830594 -329.120484393 185.423694029 0.339707808 0.013996055 1.588472445 
724.265219042 -332.184898418 188.635371619 1.765081875 0.721378392 0.432179660 
725.303468710 -332.133806855 190.848894965 0.459558745 -0.374343729 1.941773909 
727.195865772 -334.647327310 189.080626182 0.395443852 0.121869163 0.389617704 
728.454479509 -334.528022432 190.847074428 1.559708850 0.610536498 0.851081175 
730.437352381 -337.179236339 191.278990318 1.844320543 -0.223951717 0.858110910 
732.092224964 -331.464083274 186.424350236 1.186756819 -0.111061817 0.859197975 
733.410044352 -337.600051627 191.959689618 3.078381099 0.378708721 1.328122216 
735.206600807 -337.648906759 192.412464275 2.133450607 0.053885314 1.534039338 
737.012258270 -334.237929961 185.914998983 0.689821527 -0.633822242 2.176137512 
738.803136463 -338.274749246 193.659562721 1.468749534 -0.792829255 0.838591916 
740.673776075 -339.994841221 188.723178144 1.744942124 1.203631459 1.371231589 
742.110863547 -340.733988033 195.080145788 1.322784055 -0.973509055 1.488446330 
743.214372559 -340.830612846 194.354460317 1.591526424 -0.124037521 0.123048793 
744.224722583 -346.792426325 190.467781586 2.044085395 0.121340357 2.247328329 
745.620230775 -339.370833414 192.424123325 1.275949321 -1.034276692 1.796957713 
747.275938083 -342.067730318 192.734235396 0.868512962 0.142874323 0.109310019 
748.460481047 -346.841795141 195.312576395 0.968818662 -0.283739635 1.706110617 
750.188695619 -345.139675521 194.234860690 0.918818443 0.720306351 1.352537181 
751.930581588 -342.725982899 196.129309918 0.772746860 0.681572892 2.017861760 
753.699640386 -348.004203737 193.859766931 1.857855015 0.956332663 1.107744399 
755.349622058 -343.324382706 196.018567755 1.436603952 -0.336283726 0.869465232 
756.809564198 -345.599864942 195.495437746 1.196390434 -0.397277197 0.833047153 
757.910705471 -344.299062488 199.697793201 1.017820884 0.139249847 1.276252635 
759.003049871 -347.141889142 196.314904108 1.415075689 -0.463869672 0.488444780 
760.260126658 -348.412554722 195.195979389 0.732828420 0.590938119 0.787557409 
762.092901012 -349.735103950 197.874123286 0.658769465 -0.156951361 0.947754315 
763.721792308 -348.735693123 200.305767910 0.476471546 0.024418137 0.928855415 
765.682229536 -353.544849962 201.012034558 0.186390671 0.146337188 1.657142733 
767.679223064 -353.723665293 198.700845213 0.726271214 -0.044604399 0.125711872 
769.590951436 -353.238152406 203.366753152 1.121309878 -0.807793110 1.211896692 
771.489927531 -355.711376009 203.123534241 0.699271357 0.514806215 1.187842171 
773.313338378 -355.218808670 201.371036514 1.376987882 -0.090337008 0.871660627 
774.925829415 -353.956891206 198.199796723 0.707629887 -0.399359754 2.331944003 
776.867180198 -355.706730957 202.329345348 0.742386986 -0.046161161 0.457281829 
777.924600135 -356.970160264 203.690371603 0.909133730 -0.732250569 0.906526236 
778.938782535 -360.868734176 201.615286326 1.789718710 -0.511380516 0.330783197 
779.995184896 -358.517927059 201.751665304 0.635248405 -0.269793409 1.357850968 
781.276896263 -361.385861607 204.438734602 1.678703911 1.049349880 1.250446000 
783.129549260 -361.282744358 202.232482470 0.638438779 -0.220577846 0.235927281 
784.626593190 -362.477386421 205.269492272 0.674582940 0.639881655 0.760294330 
785.942147789 -363.887154952 205.961473354 1.686978801 -0.081402408 0.289620030 
787.382869586 -360.969333851 202.521037676 0.020267151 0.111634190 0.858314453 
788.391350217 -364.090403877 208.706914407 1.359580613 0.220206234 1.024139162 
789.756156568 -363.156429692 208.553542543 0.470168922 0.777511484 1.346139070 
791.489214042 -364.938843621 210.601360316 1.069961696 0.390723987 1.332464420 
793.451816757 -366.587530137 207.951571715 0.751265621 -0.473564665 2.312924536 
794.454095593 -364.911825274 208.644650479 2.013508569 -0.097739378 1.399358461 
795.893449306 -367.002742169 206.228450972 1.206958718 -0.684491669 1.465053198 
797.472700698 -369.961449022 206.608677200 1.247317943 0.043380846 0.445177472 
798.649280181 -366.581430033 209.752030847 0.604062097 -0.156539212 0.631885983 
800.369262172 -370.266085792 206.051170806 2.641695254 0.093758352 1.161684086 
801.440931143 -370.804300503 208.002963774 0.059666940 -0.301604284 1.960373429 
802.583177599 -370.105386833 209.932199856 1.495583715 0.925905467 1.474423666 
803.815972813 -370.920763089 206.090670744 0.102972281 0.247220514 1.671850965 
805.322487003 -367.870945573 208.930120605 1.916847239 -0.367697691 0.193628380 
806.887328635 -372.321343112 211.785479065 2.902310167 -0.688054771 0.684293695 
808.040116148 -373.475143686 212.885206616 0.996533989 0.684292542 0.635679208 
809.575711161 -375.804448385 208.899815323 1.516402695 0.500879098 1.243364806 
811.296648014 -374.406772648 211.010872047 1.511587512 0.239910439 1.055915029 
812.584628404 -373.334067847 215.024809002 1.670424245 1.025182928 0.791565881 
813.685688210 -376.160688182 214.114658225 1.164236493 -0.195467981 0.968306492 
815.065751627 -379.486375229 211.277961416 2.268034571 -0.300778731 0.632160271 
816.341268860 -374.930739731 213.129688094 0.283944243 -0.474949498 1.026121706 
818.115219447 -375.735247739 212.075194783 0.403382732 -0.076730670 0.133903679 
819.473285718 -378.025080255 212.816213866 0.781871255 0.125387931 0.454934103 
821.408382543 -376.228844944 209.239983266 2.066611119 -1.857899174 2.033934017 
823.340272143 -384.458591375 212.516044339 2.060541994 0.163030295 0.808478243 
824.652255419 -382.079827737 213.140500542 0.665627125 -0.337074433 0.873629079 
826.457010708 -379.646412452 216.934706266 1.099020445 -0.202942216 1.307003069 
828.291681822 -382.781918326 216.622313136 1.490406138 0.396914620 1.923787320 
829.529630719 -381.391911497 215.280112460 2.281135507 0.277223560 0.756233772 
831.503703583 -385.995796705 216.385526241 1.039711266 -0.331237734 0.848043890 
832.886259990 -383.079890227 217.510500837 0.407322024 -0.512359503 1.022821974 
834.172190072 -387.838873631 218.021765992 0.230991845 0.730174914 2.638262637 
835.396837057 -383.649464966 217.840001885 0.887162491 0.038015252 1.072022650 
836.792293717 -389.528869310 218.814180933 0.548454542 -0.304781846 0.395087175 
837.993090039 -388.379322985 214.793422307 0.424298700 -0.449778922 2.507489275 
839.597363721 -386.619860902 221.737308555 0.210026954 -0.230425452 0.962211684 
841.321603004 -387.558816433 219.545062649 0.678704716 0.275845441 1.488219501 
843.313719928 -388.985348799 222.291922019 1.820082672 -0.616325021 0.831479518 
844.377218495 -391.107818875 221.227649429 1.649543117 -1.296798650 1.265953051 
846.352767960 -391.197140988 224.266586955 0.599466771 -0.730963215 0.937692673 
847.634543670 -393.444560381 220.423687528 0.920212172 -0.764175136 1.230794365 
849.573634838 -395.700938697 222.574798154 1.453874856 -0.991785551 1.152344732 
851.207863717 -394.040304040 224.116272827 0.578286578 -0.943387775 2.043614167 
852.820594036 -395.035153421 221.903849334 1.154667079 0.432024747 0.251930220 
854.441286877 -396.812539300 221.994619099 1.188991039 -0.329652836 1.476358597 
856.267022691 -399.484562964 225.011032667 0.997953067 -0.452891480 0.898615185 
857.796295159 -396.920411108 221.361614806 0.401246230 -0.396670481 0.985929950 
859.250628229 -400.705719771 226.019609549 0.555487846 -0.401061881 0.428286303 
860.307208403 -399.652347801 223.748957724 1.507764128 -0.183069574 0.392085151 
862.271775005 -396.362068727 228.806569056 1.332990341 0.534250474 0.759412115 
863.972776782 -400.951278142 224.062092930 1.138029330 -0.054051299 0.991861175 
865.103213471 -401.517748836 229.261777391 1.546716397 -0.427680373 0.214124487 
866.748282886 -403.147813120 226.194811004 1.197084277 0.571027475 1.009787655 
868.070260001 -400.342024222 225.927402712 0.664900898 0.078434591 0.888302427 
869.936432651 -405.571153729 230.129662291 1.142132821 0.301837809 1.384508773 
871.358558490 -405.084890329 226.823453919 1.240665589 -0.264194926 2.012645793 
872.592538839 -407.800403955 230.241245251 2.834878347 -0.318048010 1.177842233 
874.508789246 -401.535185425 228.652531126 1.007325704 -0.025357030 0.284862120 
876.100894342 -405.283523521 234.097498588 1.142900375 0.433473340 0.908365077 
877.704774299 -404.079306426 229.065316326 0.855427036 -0.214183852 0.312925537 
879.641611339 -407.021497284 227.251263628 0.569238041 0.421880817 1.647164120 
880.776568228 -412.271425594 232.848176025 0.435990248 -0.619912848 0.985605442 
882.587783184 -408.250566371 233.962004790 1.376080703 0.196625478 0.135096501 
884.255152183 -411.091964834 234.012814458 1.424466133 -0.082231950 1.875149322 
885.807296128 -412.992295938 232.931190298 1.472797646 -0.472151699 1.404648762 
887.391669967 -408.373764801 233.616593482 2.404077824 0.286004320 1.065088720 
888.459473833 -413.899055009 234.666271330 0.389039180 -0.023252596 0.763487458 
890.205077758 -418.233676916 233.704091448 2.565666806 -0.414514540 1.876970429 
891.966203647 -414.462152723 236.115826042 0.808627022 0.330849892 0.694418106 
893.949054270 -414.179620243 236.710387878 1.239170107 0.678515723 1.201203690 
895.499887596 -416.165061420 233.633233480 0.805472318 -0.241310798 0.342949777 
896.946813172 -419.405793338 236.847800864 1.390408447 0.106496289 0.010053132 
898.718095011 -416.548894669 239.504876948 1.697602519 -0.102203926 1.735192922 
900.464702450 -420.290079923 235.031229216 1.125087966 0.018641688 1.542535966 
902.385682274 -416.981028235 236.809777012 2.956869345 -0.464233870 1.812521617 
904.255001879 -418.617011450 237.040477748 0.225319816 0.558098060 1.930248155 
905.428304897 -422.339300128 238.843198271 0.514042333 -0.214730554 0.493076678 
907.274062410 -423.076046972 237.096969795 2.510876980 0.759976265 0.277191104 
908.942009238 -425.491989000 239.280423557 0.636988018 0.340512156 1.280918374 
909.990699874 -423.637372155 239.772545937 1.189936221 0.329503201 1.848896022 
911.752085764 -422.287126829 242.558802560 1.961021314 1.115668574 0.704235106 
913.658516414 -426.468668399 238.866417730 0.931879734 -0.724186139 1.089107716 
915.282318243 -426.196210156 241.766910027 1.849591744 0.569626782 1.104109924 
917.004483032 -430.363979900 240.383844360 0.974386013 0.754778196 0.721498032 
918.371961348 -429.560711898 239.444165632 0.319755648 0.703328117 1.895042259 
920.194250753 -429.203273370 243.154772279 0.807926530 0.037017602 0.573823615 
921.359624786 -425.075865060 241.252030327 2.097369901 0.157735983 0.143102908 
922.876229507 -431.940185996 241.850575308 1.241503291 -0.416642243 0.162960071 
924.054643270 -428.051539684 244.924565271 1.382721566 0.042775547 1.299738570 
925.141355089 -427.788172415 243.571261373 1.637700005 0.984410043 0.762140106 
926.349823793 -432.212753675 241.171242930 1.415895340 1.257609891 1.545619614 
928.336510260 -431.388985318 242.309453014 0.575765643 0.099326200 1.264725238 
929.699201005 -431.557903762 245.096690681 0.973972049 0.859555576 1.753174156 
930.870673926 -436.373923775 247.233361807 1.276004362 -0.217787461 0.697572915 
932.440286905 -435.353957748 246.533609639 0.237446285 0.263198743 1.943853302 
933.560683762 -432.233012633 243.202534467 2.528463070 -0.618273697 0.366841410 
934.570947888 -433.238899500 246.814605845 0.213090649 0.275095739 0.587119644 
936.266022315 -438.205810295 248.383896712 1.379368232 0.262283714 0.069309295 
937.843516928 -436.816923716 248.141347673 1.179846127 0.326549329 0.520186284 
939.711196701 -436.377515977 247.276097847 1.729055675 -0.903619971 2.530982678 
940.790288764 -437.159372272 248.335496877 1.653283883 0.122476737 1.760958877 
942.065884964 -438.039870075 250.445415296 0.898583598 -0.037754632 0.435065393 
943.224335792 -439.235074525 250.859168081 0.718051526 0.113848303 0.153728538 
944.802178073 -448.684669828 251.413358577 2.560223476 -0.171389014 0.841293676 
946.099113019 -440.759696280 251.846864638 2.851911214 0.873200322 1.017537305 
947.286708975 -440.944658558 248.245274410 1.039149694 0.782675359 1.091922280 
948.531001792 -442.947122664 247.397861710 0.518475026 -0.549124454 0.803725961 
950.483722795 -443.543274013 249.717267724 1.562812569 -0.127011432 0.256409607 
952.141673842 -447.222453368 252.530849350 0.639690747 -0.270398707 2.591141281 
953.959120676 -445.648881207 253.482982138 0.809188384 0.242752499 0.787503659 
955.877113980 -446.350535496 251.145042236 2.001172524 0.168370936 0.343256347 
957.605370505 -445.669799007 250.852782583 0.241830505 0.209118548 0.956161120 
959.271039584 -448.156888724 251.908828544 0.143558021 -0.090862862 1.230360849 
960.873863446 -450.652850561 256.550643507 1.962438463 0.336337751 0.763359039 
962.660138377 -451.899845225 255.897663937 0.497422676 -0.753361126 1.549978084 
963.808450664 -451.160948040 254.327499646 0.185645403 -0.318441015 1.591321259 
965.416081781 -448.510026764 257.083747023 2.055867861 0.492983001 0.485340447 
967.361025922 -448.603103996 259.027467656 2.107418982 0.225957884 1.162598185 
968.929638482 -449.455379635 258.431270329 0.955407467 0.167825657 0.117979485 
970.669232953 -455.471362596 257.185547904 0.454938492 0.336009953 1.132271690 
971.733539524 -451.268486684 256.116870591 1.555964469 0.520767636 1.915777174 
973.223704158 -454.579282576 258.746639910 1.120109639 -0.032402060 0.651565740 
974.893822071 -454.059465615 257.610670167 0.548262206 -0.049134475 2.045429839 
976.366407490 -456.739841846 261.456064321 0.964411946 -0.723473636 0.887282702 
977.670067170 -454.603371631 260.161632999 1.022380741 0.304556179 0.194061433 
978.807280717 -460.763712928 257.314936169 1.689217708 -0.153728379 0.541383082 
980.314113837 -463.277403095 260.145856647 1.673244761 -1.122596098 1.065565648 
981.772278297 -460.733260280 259.935840560 0.562653428 0.004654105 0.582491366 
982.970849884 -461.020892255 262.164306793 0.677996691 0.110689656 1.154047099 
984.150102614 -458.805167004 259.186055200 0.717599906 -0.301004322 0.666906417 
985.234068126 -461.903129167 261.321237272 1.010892683 -0.103037117 1.080985655 
986.705539553 -466.840178414 257.093885221 2.532033957 0.300690985 0.565296759 
988.139637180 -459.219681216 262.616634242 1.303771709 -0.035935092 1.006142852 
989.823524428 -463.619333346 263.502797183 1.205395167 0.150483347 0.326095685 
991.751267153 -461.331145094 263.276962628 1.520787333 0.550769347 0.751121603 
993.634506924 -462.833102571 262.327312431 0.209011166 -0.130303741 2.222115551 
995.301416490 -465.085823883 260.299919646 2.194250351 0.563458975 1.132475901 
996.709596694 -466.387645510 263.346880894 1.342229627 0.742587420 1.257770615 
998.085862212 -467.018670068 265.303247572 1.710304966 -0.935994256 1.338901988 
999.128324919 -465.392632781 265.395165318 0.483067258 -0.299106379 2.002517825 
1000.272816382 -469.699602527 259.722752012 0.814631406 0.861176377 1.290511069 
1002.073931324 -468.866490428 267.384606695 1.521936104 -0.288088321 0.891725538 
1004.054608834 -465.136535137 266.499394056 1.688301837 -0.457614215 2.344490548 
1005.198742823 -468.662392512 261.755594873 0.019727593 -0.163877218 1.425159781 
1006.787571705 -469.783274300 269.317546365 1.542899613 0.532329045 0.384570821 
1007.812365159 -471.683604113 264.375121425 0.949584244 -0.060595198 0.552553262 
1009.185183176 -469.157356506 269.623919055 0.936173631 0.206344802 1.769904327 
1010.935952138 -473.569562797 266.652324911 1.468244209 -0.133668636 1.307647230 
1012.868530303 -477.150024759 273.022041354 1.585229034 -0.700040260 1.661854310 
1013.916705761 -475.719616479 266.001605386 1.140876883 -0.396410280 2.519014254 
1015.525642912 -473.790676471 274.325582008 0.425019092 -0.249193418 2.218728611 
1017.120243857 -477.115874008 268.284400742 2.281371356 -0.031699841 1.354288910 
1018.723134758 -474.067054205 270.628266920 2.501550138 -0.759918144 1.562195077 
1020.484614245 -477.381493919 268.364773739 0.169072499 -0.149947977 0.571205970 
1022.130513517 -479.742557306 271.473089240 0.815766919 0.651607716 1.100852952 
1023.267711100 -477.215938478 270.757613159 0.648401789 -0.271238506 0.339981752 
1024.463660364 -479.541981892 269.813030312 0.992013227 -0.109687499 0.062924769 
1026.052579751 -480.224631573 274.760957162 0.526369507 -0.161398500 0.627965741 
1027.270782840 -483.163036891 273.359560972 1.016950426 0.455529750 0.327067393 
1028.564560727 -480.333901040 275.684415593 0.520368931 0.336371086 1.802323090 
1030.283538816 -480.033645803 272.247480323 2.185087770 -0.377104720 2.569890900 
1031.466834427 -484.122395322 273.799649489 2.101317917 0.033566197 1.460786872 
1032.644995461 -479.344037361 275.717697177 1.338628894 0.165354314 1.300083639 
1034.312688693 -482.072697266 273.040642859 1.909610251 -0.126104223 1.609628504 
1035.435091708 -487.000927154 277.190617253 1.952157451 -0.417443461 1.392890756 
1036.917015576 -488.199352121 272.519997532 1.079507475 0.137510323 1.276905866 
1038.721935386 -486.382025942 274.875352330 0.290843702 0.312659031 1.151887890 
1040.076643316 -485.862273925 275.691481970 0.313887235 0.029840900 1.238869717 
1041.675144702 -491.393163659 276.402396958 1.653643370 -0.009094783 0.260833830 
1043.553284139 -490.510501971 276.868129491 0.454493692 -0.572133330 0.941776368 
1044.560141318 -491.484970370 274.782796718 1.029503053 0.862489584 1.383700177 
1045.774067961 -490.273194016 275.294932902 0.508315350 0.286397910 0.425651541 
1047.124518143 -493.021322342 277.002095510 0.533696660 0.648115546 1.605055377 
1048.847011740 -493.449506925 277.814962477 0.971728620 -0.616012122 0.950864466 
1050.397992048 -491.472703921 282.060267778 0.945765402 0.531329457 1.882978701 
1052.156595651 -495.571105773 279.441752234 1.801657339 -0.334055878 1.358387501 
1053.901784256 -492.492037584 278.365530291 0.178376671 0.070225380 1.676302916 
1055.300163116 -494.914702223 277.096295025 0.559310013 -0.419772845 3.054315973 
1056.606443966 -499.129612140 278.270356834 2.305182803 0.034426786 0.362607733 
1058.422681395 -498.084192567 282.411121375 0.778895360 -0.273174337 0.138020025 
1059.736025613 -500.609444820 281.359664111 1.594370959 0.470318026 1.121881743 
1061.626998824 -500.606137781 281.386375775 1.286667405 -0.659675292 2.353085301 
1062.779704711 -501.087518446 278.480247250 0.762197519 -0.012535594 2.114803915 
1064.252655493 -497.806831941 280.265068810 1.599936515 -0.357041102 0.210398949 
1065.871060910 -502.535016286 281.453035270 0.591535429 0.491008688 1.044607764 
1067.664616683 -499.829561453 286.898857252 0.359848217 -0.087437218 1.845135376 
1069.535979841 -504.989432002 281.892768526 1.288385722 0.994404696 0.872793904 
1070.963702017 -503.436214533 284.501720168 1.618962527 -0.447960540 0.805834845 
1072.484769098 -502.067805600 284.681188038 0.557010301 0.314427109 0.646834325 
1074.254829240 -504.048867747 283.638623459 1.514778769 0.403168832 0.128908754 
1075.556731976 -505.987967505 285.517857067 0.681325453 0.296133226 0.554286022 
1077.515368577 -504.775806610 286.454214206 0.928584299 0.500625025 0.956502214 
1079.261361454 -508.223155515 290.774797119 0.241900730 0.147590607 1.361437612 
1080.283961329 -506.160054832 285.792098779 0.260142850 -0.126702023 0.518956089 
1081.981552521 -509.742978613 289.568889277 0.194328078 0.046749663 0.386456852 
1083.600126341 -511.867821914 291.816281346 1.138499238 -0.432822536 0.426352349 
1085.254139387 -509.518285395 286.836808045 0.911610850 -0.141070090 0.038697382 
1086.841599277 -510.553030974 290.663310924 1.186531688 0.592489051 1.589074867 
1088.193781038 -510.489027930 290.112140863 1.291732846 0.097004948 0.757725808 
1089.201058710 -512.895386062 291.620694341 1.498872249 0.556555024 0.900477628 
1091.068594812 -510.573841182 288.260739058 1.061052369 -0.470067146 0.262933465 
1092.673901240 -515.731458939 290.183755690 1.019606395 0.175619564 0.376550296 
1093.794129298 -510.163210753 289.428367747 2.294070594 0.724401170 1.746750762 
1094.851770160 -513.248135554 292.939603189 0.762527600 -0.491887638 0.708243783 
1096.154019607 -512.947771729 290.997778457 0.958529854 -0.564446285 1.402496356 
1097.413102492 -515.237936658 294.105714745 1.323424756 -0.182659063 0.985851760 
1098.460831679 -514.191814606 295.337590667 1.233671046 0.177127870 2.059233108 
1099.596437171 -517.441450718 290.806478481 0.244004194 0.347950807 1.368514784 
1101.183874367 -516.879501546 293.779654731 1.322912518 0.216476008 0.826110572 
1102.601229657 -516.315819356 296.131596954 1.127370714 0.610138343 0.987285665 
1104.147940817 -520.293192822 291.267852140 0.622945655 -0.281967369 1.866663357 
1105.299960138 -521.454938613 292.173824225 0.928177650 -0.028760110 1.169082571 
1106.978555087 -521.132329289 292.394200589 0.364667113 -0.249788926 0.857922654 
1108.479546763 -522.850762598 297.472149549 1.106246967 -0.020656926 1.780835760 
1109.552164841 -521.697575158 295.104590735 1.014533295 -0.983166247 1.653024771 
1111.074188655 -522.225449225 295.569111845 2.070936845 -0.615255925 0.511447113 
1112.672382197 -527.253779172 295.792898397 0.710101728 0.416873589 0.272335995 
1114.033640033 -525.925501739 297.703181928 1.364795691 -0.505940323 2.306400620 
1115.275686915 -522.136426822 297.672742171 2.068882200 0.158223909 2.324282213 
1117.040033449 -528.911463190 297.190629766 1.835088730 -0.190789612 0.638290155 
1118.985813205 -522.880418429 298.173000249 1.617765948 -0.494333772 1.138381433 
1120.152612260 -532.082993774 298.752477654 1.436542009 0.609067684 0.265717570 
1121.434158673 -528.413110695 297.362330049 0.941456426 -0.066019826 0.520732714 
1123.300694392 -530.226073379 299.899572756 1.263214604 0.153668334 0.026977020 
1124.423353830 -527.108394130 301.815734853 0.955060133 0.503152994 3.809137657 
1126.254481281 -530.657950972 298.958716450 2.420757401 -0.768979264 1.596786183 
1128.049452172 -530.497555898 301.142529943 0.113456725 0.209952312 1.342354667 
1129.858748220 -533.418529826 299.175609829 1.758306806 -0.327793414 0.580163032 
1131.610496624 -532.204830223 304.083414480 0.330390401 -0.119673622 0.589450136 
1132.891830688 -534.561952457 300.191392175 2.634820659 0.231968093 0.239686447 
1134.415100302 -534.302089730 300.600425928 1.501019279 0.348284266 0.469257712 
1136.146321832 -533.831267978 300.985566822 2.939075008 0.240979352 0.439605797 
1138.138564502 -534.741146849 302.028872069 0.941405696 -0.468613780 1.199832673 
1139.602249327 -536.301399095 298.994846029 2.009390924 -0.383368762 1.618926912 
1140.781166920 -541.893346244 305.851993901 2.389851132 1.146594173 2.174582652 
1142.632293331 -538.074707032 302.088116781 1.247950146 -0.231055016 1.022650441 
1143.702199325 -537.555104965 306.505079992 1.763259242 -0.249080283 2.057291640 
1145.243611953 -543.480610269 305.368896411 1.073870715 -0.056055525 0.550527062 
1147.236623030 -543.402714688 305.041566644 0.563174209 0.088518428 1.452869239 
1148.996569677 -542.089864164 307.906407920 0.788581994 -0.177615761 0.500784992 
1150.552852797 -541.189635132 308.654687943 0.738088365 0.134914346 1.440140337 
1152.020890589 -542.129209747 308.090675130 0.603734820 -0.501334693 1.696291272 
1153.702670936 -543.685692607 308.154216357 2.483866389 -0.978748026 1.431616082 
1154.908819206 -544.336797522 306.172129597 0.228757635 0.447947256 1.711652382 
1156.068335873 -549.997158323 308.672910431 1.786571026 -0.158433403 1.942731142 
1157.466758961 -543.342022437 309.391735675 1.286160024 0.155402596 1.513816059 
1159.431578608 -549.305059601 308.205818647 0.379985169 0.620563389 1.674460757 
1160.561906245 -546.315279295 311.272848701 0.844946297 -0.063692615 0.420110735 
1162.366234718 -550.404604076 309.317059314 1.825248381 -0.214865927 0.138664816 
1163.548386858 -547.399958407 311.360374408 0.800375101 0.038379493 1.099908632 
1165.030586236 -553.478879448 312.794247547 1.135488796 -0.241226631 1.428016355 
1166.987804064 -550.298540127 310.358690777 0.544267863 -0.648538256 1.945632729 
1168.677876560 -549.274451063 313.295250512 1.476885616 -0.136568053 1.166628709 
1170.570362188 -554.529733808 313.802566235 1.323065047 0.632367135 0.421671823 
1171.741704143 -552.238572212 309.919718058 1.791774955 -0.139873376 0.774930630 
1173.657782554 -553.927359207 315.241562342 1.112454165 0.333654224 1.351467083 
1175.128602178 -555.928594492 314.757013171 0.843133024 -0.308435966 1.527151124 
1176.227524331 -557.520407567 314.445790592 0.681913819 0.076948703 1.300349298 
1177.455281907 -558.248560094 312.460977552 1.544711438 0.282040430 1.421977289 
1178.751760561 -559.430881971 313.841849238 0.740830553 0.999540086 1.386864747 
1180.245139839 -554.352360326 314.573044441 1.169376220 -0.244594313 0.900729680 
1182.031083306 -557.963937933 317.170411737 0.966251263 0.023172605 0.841455683 
1183.385673636 -556.792507520 315.041296285 0.500401394 -0.406497236 2.445873483 
1185.215154911 -559.425989360 314.883474680 1.149271745 0.802479760 0.811152040 
1186.893448947 -558.497854064 316.330060578 0.654543011 0.456406818 2.770371267 
1188.119907567 -563.452297749 317.748438635 0.533127717 0.017796157 0.797350073 
1189.909698066 -562.148118899 318.013734916 0.941535126 0.190541092 0.920975061 
1190.910510726 -564.966038557 315.673175792 2.001528198 0.450420282 0.239159632 
1192.172208789 -560.236456685 316.510096866 2.114238490 0.437221746 1.274986290 
1194.058299002 -563.465323928 317.338600065 1.214963068 -0.912372335 1.683532449 
1195.100763272 -563.685076162 317.422619230 1.545265773 0.282241811 0.573738225 
1196.948496663 -563.621861561 321.528631492 1.098621138 0.434662168 1.505466161 
1198.431135756 -567.960471172 322.202135909 1.639312844 -0.793959464 0.541015052 
1200.424440322 -568.733732739 322.143503926 0.341134319 0.027159751 0.763628120 
1202.238213016 -566.994671310 321.689353772 0.863552384 0.194809694 0.899378599 
1203.883461318 -571.134610541 323.115149429 0.171966786 0.126771804 0.765964829 
1205.398811041 -570.930549070 322.500909313 1.081772883 -0.471092376 0.985681642 
1206.503962196 -571.484932299 322.405964793 0.872212991 0.352155151 0.333749440 
1208.018081375 -572.710947972 323.693806288 1.275417566 -0.282559858 1.832588234 
1209.195034932 -570.615678307 323.489559995 2.716011042 -1.412216770 1.765311871 
1210.778885831 -568.866520137 325.865765542 1.206351756 0.090752502 0.437877457 
1212.629867758 -577.078913873 322.887684756 1.599898831 0.702715557 0.740714494 
1214.040427627 -577.162624306 326.644088491 0.691180398 -0.868818800 1.327769987 
1215.214619057 -574.319221857 322.306997515 0.685431945 0.365766210 1.293485816 
1216.221519977 -573.998772685 321.284667219 0.846221961 0.712260440 2.843718775 
1217.372009934 -573.681433942 327.402661715 0.780571805 0.879383750 1.742154868 
1219.111827297 -577.265740296 330.802274348 0.925825816 -0.256455382 1.434232721 
1221.021592973 -576.719097463 324.469733673 0.706420829 -0.272047701 0.924106419 
1222.700228991 -580.432911997 324.735631637 1.507878348 -0.529533596 1.429649379 
1224.109431407 -578.287284164 325.310110048 1.128253970 0.863990083 1.831436723 
1225.828282527 -581.644767947 326.334970368 1.091326073 -0.210038457 2.140198563 
1226.874154387 -583.052754488 330.056729181 0.330488543 -0.392966767 1.250634412 
1227.886007858 -579.562680297 326.992428132 1.604644105 0.058703610 0.668146766 
1229.662245759 -583.034135491 324.971178025 1.535831445 0.353337210 0.942145274 
1231.104314883 -582.885165900 332.630173008 0.710847923 0.273714732 1.200586499 
1232.982433090 -585.302998812 332.310966771 2.117380217 -0.219177774 0.375706394 
1234.594519391 -581.304654238 330.326708092 0.905059803 -0.278379644 0.979285881 
1235.772230387 -586.927389968 330.430877915 0.499698135 -0.360146675 0.499851287 
1236.819656777 -587.433366245 330.674141505 1.056539618 0.483173992 1.142012393 
1238.174982353 -590.513611426 333.282264435 1.401195925 -0.417050240 0.576492982 
1239.393435295 -587.238294338 329.946689757 1.902737069 -0.030602747 0.024784809 
1240.889228477 -586.696543754 335.085688073 1.732010678 -0.500854955 2.553725509 
1241.971386773 -587.053321246 330.783485248 1.128206756 0.419902414 0.343109422 
1243.410499962 -588.516108059 334.344992109 1.622996289 -0.087789571 0.257379495 
1244.929535147 -590.250638375 335.515497289 1.192795950 0.288745144 1.458636955 
1246.181963282 -593.449607341 339.109261647 2.307849398 -1.005069404 2.211593339 
1247.236178569 -592.747825937 334.252941750 0.411898063 0.139900660 0.954538228 
1248.521174482 -588.213274998 334.180235716 0.501539843 -0.069755863 0.049504374 
1249.632167447 -590.362746974 335.582206879 1.431373608 -1.205182773 1.859331980 
1251.549959068 -592.168292429 332.453448037 0.411920869 0.704908771 1.808923955 
1253.125546843 -591.815620187 334.048181567 2.587341252 -0.364987559 0.539619320 
1254.860429473 -592.403917456 337.222276443 1.283596271 -0.664034995 0.825849068 
1256.505714932 -602.251540372 329.696726772 2.471151972 0.535609194 2.171925596 
1258.296572201 -599.903546971 335.424606008 2.048103025 0.225575359 0.773656790 
1259.685982496 -595.281323430 340.050793857 1.670098250 -0.245431052 0.826774081 
1261.207131109 -597.204758641 332.795508580 0.893543189 -0.244832846 1.989517578 
1262.653042027 -596.652037005 336.184018098 0.255602264 -0.062537288 2.065920645 
1263.702659884 -597.512648495 338.871630161 1.188035585 0.697813683 1.671728120 
1264.915319813 -598.114518246 339.912417839 0.740442853 0.654806945 0.950724672 
1266.280462764 -599.121251935 343.022922607 0.521532018 -0.176950242 1.994951851 
1267.318298359 -600.805115539 337.869994024 1.955178497 0.974269465 0.890515187 
1268.585553833 -603.259571609 344.986113535 1.915050283 0.229630476 2.196867868 
1270.398575741 -603.436071076 340.074180669 1.672635093 -1.146585635 1.211482442 
1271.681803651 -602.731300920 344.581565915 0.619772296 0.385796113 1.931936657 
1272.922199724 -600.800710944 340.605877871 0.456563382 0.239904994 1.586880571 
1274.156229348 -605.095018650 338.391972780 0.226531485 -0.081949745 1.370556575 
1275.289170947 -603.790010045 343.951890490 0.958636127 -0.625137727 0.972824881 
1276.891584816 -603.229762674 340.647574526 0.635358287 -0.100384217 0.558770176 
1278.172385657 -605.154202265 341.711403159 0.809540097 -1.469949479 3.313749101 
1279.413194688 -607.928858620 345.245819289 2.167810416 -1.473930388 2.259086722 
1281.360375968 -605.809800372 343.484273161 0.697395055 -1.018455022 2.974063015 
1283.023771486 -604.685622225 343.480224667 1.359933541 0.725373490 1.104117097 
1284.958967441 -607.601689937 343.214249969 0.166007173 0.036681297 3.166130133 
1286.648909064 -608.887388799 347.729326630 1.124818699 -0.514399670 1.232372412 
1287.887121231 -609.471784200 343.976166309 0.896450847 0.170016403 0.479575923 
1289.632813553 -609.019251800 346.578240308 1.964006045 -1.154737741 0.989174135 
1290.800833444 -614.689813886 346.429693695 1.554712334 -0.004034097 0.254467244 
1292.023316730 -611.242058088 345.301774522 0.254630995 0.175261196 0.423607483 
1293.772904439 -613.006983843 349.014109654 0.662009009 -0.310072862 1.177049056 
1295.358274194 -618.851879274 347.602269897 1.297901589 -0.238212153 0.071412621 
1296.988949328 -616.154303185 342.295385085 1.201751263 -0.270040263 1.148175051 
1298.517293673 -614.742547721 345.629267225 1.087555374 0.535914187 1.732030488 
1300.369855702 -615.182755726 350.224974730 2.599646688 0.948985888 1.150892296 
1301.494849223 -617.824760447 347.361124840 2.196340745 0.387899294 0.804481085 
1303.015381459 -617.956103878 347.372543169 0.829301312 -0.515174983 1.366651027 
1304.458713441 -620.445854908 352.671948988 0.846391626 -0.278059585 1.001016260 
1305.574999941 -621.657493281 348.214197825 0.892801813 0.246783148 1.062325835 
1307.060894899 -616.458227914 351.243448750 1.641356022 0.435433185 0.354873628 
1308.678728154 -619.075403064 353.215895950 0.123293460 0.183888623 2.179784435 
1310.182726125 -622.978728851 349.307646316 0.670737485 -0.413768786 0.591725257 
1312.003501580 -624.243986044 356.606088880 0.571731879 0.264523216 3.071403078 
1313.601341770 -619.135837752 354.970810146 1.670463234 0.949072282 1.819504779 
1315.221390442 -623.621467489 352.496050319 0.749865647 -0.527792197 0.588236115 
1316.807470944 -625.039099360 354.796220132 0.960262112 0.688399169 0.710027394 
1317.891691253 -621.696247364 351.527365014 1.504809792 -0.387155776 0.650811384 
1319.470109906 -623.840230788 354.005007455 1.025230067 -0.334498973 1.084071646 
1320.503649558 -626.490912273 353.834213476 0.484093034 0.263038884 1.834398586 
1322.115186275 -629.398513743 354.630055971 2.050063706 0.660454152 0.277843213 
1324.070705024 -627.904062577 354.367461448 0.937304556 0.199784668 1.966710016 
1325.131286482 -626.587887270 356.381569715 1.246875726 -0.879263320 0.710289007 
1326.839579442 -630.776947313 352.755545224 1.822845470 0.351616670 1.665171591 
1328.725271267 -630.292439498 354.224640337 1.387852256 -0.032433591 1.002177523 
1329.831056569 -629.230205638 355.055301860 1.568042189 -0.255913208 2.117424790 
1330.861480453 -634.451581548 357.086413891 1.024935691 -0.751700552 1.013349793 
1332.535663601 -635.322229329 355.158970295 0.142827899 0.257684757 1.061493002 
1334.100383322 -636.409083209 358.011834826 0.969524272 -0.026226455 1.811914963 
1335.176138059 -631.247399872 358.760842322 0.890031624 0.243079491 0.186397179 
1336.985044831 -638.506161568 357.307399953 0.933288778 0.380744128 0.925088878 
1338.123827877 -636.429049748 362.224703740 0.956974407 -0.168397587 1.243986734 
1339.311021878 -633.931137194 358.503963568 0.889930894 -0.059203880 3.084342682 
1340.746828026 -638.974783241 360.288078486 0.416867269 0.075628728 0.666043899 
1341.945391971 -634.767447040 367.302865456 1.134412461 1.445095180 2.297426227 
1342.983535594 -637.445037259 365.351275649 0.290907176 -0.642332013 2.250000196 
1344.072481958 -638.434663139 362.671027989 0.512320702 -0.818008570 1.650263467 
1345.646434017 -637.005031436 361.513721755 0.446103873 0.579670143 0.865529370 
1347.377594380 -638.813499120 364.595877817 0.474247260 -0.278045300 0.857525049 
1348.768169748 -643.937491373 358.713232554 1.864310022 -0.069797426 2.258175505 
1350.460628692 -640.082289845 361.660339882 1.329176244 0.704647822 0.491780643 
1351.844426705 -642.524117392 364.200219868 1.503143073 -0.340505992 0.814529915 
1353.455971626 -643.308931920 367.559274705 3.022573460 -0.763655093 1.662923883 
1354.954132994 -642.810033797 359.511059947 1.117057299 -0.838211198 1.552149335 
1356.713994619 -645.735434873 367.162923352 0.328992635 0.080714481 0.675748480 
1358.223311334 -643.717318958 366.541960385 2.166454457 -0.944556553 0.695761737 
1359.232645506 -650.528158308 365.688435813 1.977906552 0.384138474 0.154642349 
1360.558285631 -646.387071003 365.482450723 0.499368644 0.175298989 1.469701175 
1361.759423194 -647.173871940 365.260608604 0.624874527 0.199119506 0.331664012 
1363.673330126 -649.633543650 367.895381872 1.434323353 0.291230583 0.684406126 
1364.977125612 -648.584785952 367.581136910 1.727399189 -0.719863532 1.207483733 
1366.661065526 -650.649097742 369.521738224 0.917855029 -0.350749343 0.228442087 
1368.224651460 -650.000875669 369.359936277 1.096513239 0.188047178 1.847140053 
1369.494213804 -651.304529501 368.899528561 0.773585744 -0.169789174 0.108709629 
1371.204206772 -648.271348196 368.807605374 2.318005192 -0.955363704 0.666157353 
1372.654176337 -652.355946641 366.319495625 0.481374247 -0.419771371 1.581867643 
1373.690496869 -653.984217201 368.359688861 1.769979431 -1.196199046 1.545034338 
1374.915537924 -649.716581403 370.004390383 1.526353673 0.640556992 1.565299086 
1376.285508071 -655.085613582 371.670939603 2.110787256 0.919105575 0.896684474 
1377.954640598 -653.363520275 369.867597920 0.377967958 -0.165200878 1.779530285 
1379.896446174 -655.693154705 373.308450898 0.522200191 -0.438483336 0.588593113 
1381.091126942 -653.916929378 370.039332144 1.259225573 -0.052368433 0.132886636 
1382.934036353 -655.000779390 372.266300505 1.123186365 -0.584680625 2.199424952 
1384.665166612 -659.397211446 373.823073154 1.340498613 0.437809234 1.464318665 
1385.934565401 -660.171018670 373.801547925 1.504318572 -0.182852392 0.132958170 
1387.753497296 -658.850734287 374.772694041 0.182594173 -0.057001331 0.142168598 
1389.670581192 -661.258083538 371.293208775 1.424764403 0.505438482 2.103745110 
1390.700259899 -668.299854333 372.295767065 2.343486756 0.948645355 1.677051866 
1392.241687484 -659.318433164 372.300657882 1.973002836 -0.607955567 0.238680533 
1394.225882229 -664.620159403 372.660802441 0.855610809 0.277025175 0.647835422 
1395.856825913 -662.352635481 375.014528480 1.330347808 -0.576254340 1.908873479 
1397.259759323 -664.038103945 373.729456891 2.473736237 0.357153091 1.321664304 
1399.059480823 -663.701957118 377.814330972 1.981626232 -0.038503226 0.330033329 
1400.319123201 -664.113757943 374.577711533 1.906997044 -0.642249020 2.384185492 
1401.971034033 -668.153111472 375.565922461 1.532822996 -0.172363843 0.166029081 
1403.439363636 -670.650461374 375.626799470 1.639684441 0.139933564 0.666056399 
1404.487093776 -668.268726809 375.845028492 0.666447428 0.136536746 1.878933628 
1406.054282316 -677.294437901 386.412291073 1.600798689 -1.710321276 2.806331515 
1407.810509414 -668.770050136 378.013574714 1.993790229 -0.122136897 1.565658647 
1409.803913152 -672.371334584 381.214524648 1.428758936 0.157104624 0.185616865 
1411.093881316 -670.432105826 378.711153859 0.311060354 0.094898797 0.193935379 
1412.689296206 -674.557312851 380.109119087 0.196017304 0.376996635 3.805514785 
1413.752636937 -673.937984829 378.167968499 0.257135642 0.049936438 1.641861484 
1414.767689658 -671.043946756 383.112620726 1.237770043 0.492814372 1.003785766 
1416.372300516 -675.370475024 381.550342236 0.526559569 -0.282691384 1.112909177 
1417.736231789 -674.271797551 379.737862029 0.806207440 -0.433421774 0.817055441 
1418.957912016 -673.713582054 382.991804239 0.662886167 0.498995514 1.442341769 
1420.638194743 -676.794872198 386.142625615 0.507973596 -0.803066069 1.537083020 
1422.400134878 -676.471828652 381.252745549 0.765755979 0.022466596 0.350181111 
1424.331961887 -676.898323499 381.013558691 1.212085427 -0.327591331 0.142728701 
1426.097942537 -680.235124490 385.321061744 0.586604417 -0.226471161 1.154067001 
1427.439722023 -679.330521298 387.151907861 0.977803097 -1.118990572 1.632252522 
1429.055461100 -678.324832451 384.458585084 1.021915707 0.206473027 0.608838563 
1430.689444042 -680.906102070 387.584396883 0.777208359 -0.175201726 2.558125328 
1432.631704620 -682.875864948 387.798947609 0.520781181 0.565764249 1.423873508 
1433.705307771 -682.912728172 383.778772482 0.364589861 -0.469127307 0.914188089 
1435.405835113 -681.942698180 387.869394148 2.580048381 -0.306412084 0.970857996 
1437.382376308 -682.627565144 387.440987912 0.495194962 0.660954346 1.608619098 
1438.763039097 -687.372523232 387.498039646 0.255316765 0.569098326 1.905604633 
1440.262593708 -683.276772689 389.245743277 1.061694688 -0.190322999 2.039297648 
1441.954791033 -688.336368411 390.465212423 1.264526885 -0.107870927 0.409869714 
1443.701536959 -688.877169803 387.441133748 1.927313494 0.557088764 1.068488197 
1444.994936430 -689.684302983 391.595255449 0.603452541 0.703875955 1.048196367 
1446.814223963 -689.481312648 389.087072958 0.709696121 0.403338969 1.943922819 
1448.691748915 -687.915328589 389.382048649 0.746260072 -0.343698002 0.966914547 
1450.252007869 -692.010279809 387.363515251 1.380617246 0.043175221 0.960937390 
1451.614418893 -692.838112753 389.469347845 2.283981105 -0.141929662 0.310560419 
1453.094523315 -691.964301298 392.857715684 0.605573369 -0.261269133 0.687027345 
1455.051780740 -694.641920267 393.149781959 1.688505721 0.499479135 0.240861102 
1456.343951628 -692.825110520 394.764171635 0.934367153 0.568477582 1.127962909 
1458.334363494 -694.720562584 394.834658265 1.945945090 0.838356624 0.844678818 
1459.681710436 -694.398311066 392.322372698 0.366590774 -0.163544419 0.496249951 
1461.012171822 -692.938875540 397.285992814 2.044908009 0.060047239 1.434234678 
1462.189235890 -696.124082555 393.171427515 0.855049382 0.268287557 0.938775843 
1464.068674189 -697.864268516 392.082253995 1.562983900 -1.044331887 1.079099706 
1465.952539294 -702.017544615 393.486416364 1.483933385 0.078619612 0.243382771 
1467.287291120 -697.572294400 399.527122621 0.921799497 -0.009665586 1.246640030 
1469.177576872 -702.253933621 399.386202413 1.827682368 0.301797045 1.022117805 
1470.300454351 -702.928374865 396.510784356 0.305192581 -0.245661695 1.135719710 
1471.784965002 -696.164969064 396.045710773 2.412915232 -0.608408302 0.990077715 
1472.935084996 -701.621526413 396.025081033 1.116331201 0.829838460 1.297690180 
1474.127369486 -702.467383347 394.351938895 1.100777421 -0.721682921 1.315053933 
1475.712052034 -700.882659720 400.111302902 0.538534048 0.675681259 1.344644571 
1477.477971639 -702.389484534 395.597672949 1.790234067 -0.467346035 1.286838402 
1478.490991701 -702.691251197 400.856102547 0.952596041 0.544555226 0.853729259 
1480.449277712 -709.102845871 399.274500310 1.977864771 0.198957178 0.704095970 
1482.389381264 -707.899377360 399.967949232 1.365743145 0.030895494 1.602124704 
1483.943812101 -708.078578991 403.327760834 1.325904378 0.535918263 0.969118103 
1485.045921498 -709.050941949 402.472534053 0.520374104 -0.276699437 1.581251215 
1486.731140557 -708.747667324 402.070513713 2.376393151 0.395560773 0.853614670 
1488.492758468 -705.757883026 402.145545952 2.024535676 -0.738593583 1.560951511 
1489.496345620 -710.272447444 403.213237977 0.628456054 -0.540736037 1.426377025 
1491.144132719 -711.119929598 398.852828413 0.986930096 -0.804639463 1.543537985 
1493.050352299 -711.024673263 407.502339653 0.053330366 0.288770102 2.116892111 
1494.343086889 -708.445727874 399.595773600 1.543682071 -0.644560324 0.815998747 
1495.852822467 -715.285346105 402.460041897 1.424257855 -0.236981782 0.516695657 
1497.572960469 -715.855112485 402.808732350 0.702454957 -0.527522438 0.784510255 
1499.155615192 -714.184903279 401.561365021 1.991960028 -0.624972536 1.152392142 
1500.839615572 -716.985628170 401.977305993 1.104167278 0.569752169 0.733566484 
1502.565570844 -716.128475992 405.255782386 0.543500607 -0.595747698 1.919333245 
1504.076351941 -717.611303618 406.094113961 0.136345281 0.170562747 0.989588868 
1505.144952854 -717.232272726 406.247290538 0.485532715 0.057345694 1.322815175 
1507.045055338 -720.494124888 408.162937395 1.422936912 0.617951724 1.018235913 
1508.775951587 -722.803443936 407.470379518 1.326487881 -0.778281649 0.476587722 
1509.978943064 -720.957552341 408.325331251 1.518118801 0.303164203 1.190028769 
1511.693025336 -722.134371137 410.273212899 1.976016364 -1.085859167 1.896546426 
1512.771507637 -721.254442588 404.152902520 0.552168158 -0.459494121 1.535593428 
1514.493406725 -724.266645255 405.790535600 0.287357297 0.580519761 1.644594208 
1515.643639608 -726.061704497 407.545419768 1.504600532 -0.221010301 0.076480801 
1516.983833281 -722.771313869 413.243591136 0.821597464 0.172108207 0.430219613 
1518.446802297 -724.064837346 410.968112526 0.132879381 -0.212622281 0.898933912 
1519.548199261 -725.874820441 413.857272737 0.209650513 0.062417944 1.678026453 
1520.773902432 -727.747631041 407.874518922 0.521496478 0.508551611 0.958682536 
1521.802728968 -727.614761062 412.104426072 0.183915864 0.378453504 1.147897555 
1523.320410597 -727.695087032 413.614524752 0.313355943 -0.017897056 0.521972154 
1524.391073201 -729.552693096 409.974775423 2.377916912 -0.411761433 0.419473230 
1525.392936975 -726.745380697 409.760740789 2.040189770 -1.019818195 1.727074503 
1527.339845176 -728.791073073 412.225347761 1.081336680 0.260677740 0.399875383 
1529.217021940 -728.286035675 411.033883469 1.935358134 0.442416813 1.014246831 
1530.997169239 -730.375666111 409.486948723 1.608630496 0.006732766 1.842569840 
1532.426497182 -734.999949598 413.552614131 1.475643491 0.835530688 0.846256176 
1533.458832164 -730.406393153 413.237655460 0.462694632 0.278578422 0.181500921 
1534.854338842 -734.875639481 413.382694713 0.356139715 0.270592931 1.950257893 
1536.071479314 -730.116121306 414.119762731 1.568453011 -0.068074866 1.840194202 
1537.804408260 -732.415137885 409.796081772 2.118992194 0.005646791 1.259494973 
1538.844196762 -736.152168306 412.512984962 0.916790713 0.611104933 0.686886096 
1539.945254160 -735.057692454 414.243455077 1.000539772 -0.860136974 1.506187741 
1541.550908602 -738.787750156 416.164723968 1.456874397 -0.979543622 2.242339307 
1543.282397012 -739.417635157 415.940127842 1.184349223 -1.217434639 1.653959056 
1544.717595483 -734.555166841 414.496462792 1.646880675 -0.538929410 1.915717775 
1545.967349039 -738.290458151 415.909260249 0.356191119 0.331660109 2.384403603 
1547.417046558 -740.893329726 417.961377664 0.576364162 -0.013267719 0.111769318 
1548.488554375 -738.534302717 416.490279390 0.235749060 0.048233813 0.703904039 
1550.273847843 -739.038729087 417.526739176 1.036948230 -0.121944566 1.483372364 
1551.897103324 -740.248182559 422.045399419 0.158735479 -0.472110821 2.152717789 
1553.851252288 -742.986358985 420.926642103 1.116458197 0.267524480 1.199157499 
1554.987949275 -741.018008550 422.578866992 0.364745346 0.344248742 1.002166485 
1556.624177920 -747.242125850 422.844249004 1.443206003 0.187297136 1.717067670 
1558.106631033 -744.921175288 418.030502991 1.981329900 -0.202940941 1.417499804 
1559.691673904 -743.842515331 419.817679954 1.889462674 -0.269711051 0.831420198 
1561.657890955 -748.825875581 422.515162295 1.778078551 -0.544065331 0.540440826 
1563.038825852 -746.341944330 420.764224684 0.278543568 -0.229675501 0.565108055 
1564.884388594 -746.406698043 423.641805049 1.276924629 -0.130427809 0.896905919 
1566.589456394 -750.531744308 422.106353466 1.710233211 -0.606316024 1.017334609 
1568.525400774 -753.355747021 422.933468368 1.172736658 -0.709886466 1.202244608 
1569.667587860 -752.200255421 425.626460736 1.229664329 -0.546813930 0.970517643 
1571.644950355 -751.466751955 429.618113820 0.358579107 -0.221153543 1.670963111 
1572.890113572 -750.396816228 425.529749261 0.417402678 -0.479480843 1.605532892 
1574.519221542 -752.032914766 425.107634741 0.629475819 0.305509413 1.205354478 
1575.556513088 -753.161940781 426.373113060 1.451606089 -0.039402690 0.939015088 
1577.311875164 -759.721382845 427.908872241 3.361992842 -0.943610874 0.497165330 
1578.944868541 -756.556326793 425.611468518 0.423500660 0.261338031 0.838583970 
1580.215152342 -753.975769024 425.761337670 0.699395739 -0.392495251 0.329181560 
1582.020249807 -762.793978052 431.072474204 2.196422676 -0.796342034 1.213175783 
1583.131189285 -760.066258853 428.543518596 0.924634946 -0.619693794 1.652196036 
1585.067563727 -758.542356744 429.108240045 1.359784835 1.116516540 0.921073382 
1586.811793997 -759.312555396 425.836882888 1.422956803 0.613369707 1.150763753 
1588.781651699 -761.232508087 430.006777851 1.245854669 0.058845347 0.180686152 
1590.357628768 -763.588131900 426.597084664 0.604455994 0.572166530 1.524735883 
1591.986129929 -761.624278245 429.578833086 0.740419404 0.434214849 1.089115020 
1593.117658007 -762.744586820 432.196014591 0.756327825 -0.904891333 2.847081130 
1594.797981526 -765.136665917 433.297144799 1.072983729 -0.723405980 1.208092774 
1596.312946249 -765.159497607 432.880816428 0.341639967 0.455261977 1.247572025 
1597.930330161 -764.706231835 434.949365344 0.397919951 -0.425222871 0.676322688 
1599.581818777 -765.396172884 430.882287635 0.473142468 0.386193422 0.735485839 
1600.668686219 -770.264808218 433.907892903 1.889047983 -1.110286143 1.857903523 
1602.343168035 -770.332820305 433.276389800 2.559332444 0.541085558 0.367630247 
1604.133917270 -771.117848111 431.857701357 1.852678829 -0.301064669 0.680145200 
1606.032843844 -765.633778253 434.738435984 2.127979256 1.320134085 1.506977447 
1607.399280373 -769.138648913 435.751793789 2.472596720 0.059315785 0.346008542 
1608.429821653 -769.141834585 433.268472482 0.430352032 -0.467442459 2.013836266 
1609.731476612 -771.895878903 434.523189056 0.557971068 0.452252611 1.072619498 
1611.345886949 -773.481243020 436.683374336 1.527489892 -0.164676283 0.307478424 
1612.907827058 -771.626968942 438.439124559 0.974442331 0.146687922 0.290068009 
1614.321256409 -772.792478345 439.565874520 0.841854044 0.735193142 2.825722560 
1616.008969238 -774.426506006 440.577910919 0.698254025 0.019182198 1.516168127 
1617.427418934 -779.232206910 435.708732371 2.510134362 0.444832475 0.351333100 
1619.330859065 -771.435305108 438.136997859 1.202931285 0.437621075 0.262940352 
1621.063322168 -774.155051242 439.964020723 0.473050076 -0.319070261 1.220233270 
1622.955032314 -775.506857678 440.964415919 2.620109086 -0.277213872 0.067742946 
1624.026290519 -778.887414070 437.981384059 1.839676367 0.075782353 0.140793211 
1625.114588132 -778.768724035 440.338002361 0.961523981 -0.250104691 0.909757541 
1626.593481525 -777.608177650 441.417485604 1.904987280 0.551794901 1.509387392 
1627.693285011 -778.719235031 437.757886935 1.320149636 -0.560765978 0.869826596 
1629.488112282 -776.521729463 438.348063336 0.949781272 -0.576696048 0.685905729 
1631.442269688 -780.884455845 443.237090336 0.535479283 -0.828086460 1.454831984 
1633.299091168 -781.938400100 439.699248369 1.621498703 -0.325681781 0.603173406 
1634.772128457 -779.659240710 441.054619864 2.209257251 0.204597800 0.933944047 
1636.022960060 -782.323897911 441.900644544 1.215963791 -0.143291863 1.649195083 
1637.090968344 -781.320790073 444.529833977 1.878975613 -0.314710084 0.588070801 
1638.466998078 -789.113697026 445.694813066 2.910290224 -0.024449246 0.774684010 
1640.261815739 -783.636993354 440.824945192 1.628992591 -0.637936363 1.065718063 
1642.128454144 -786.391288698 447.099046983 0.701553314 0.346233882 0.381089838 
1643.610524803 -789.032685465 443.855773538 0.682268773 -0.391638772 0.831751965 
1645.378406192 -791.106401461 449.926844946 0.616412228 -0.444889514 1.547314052 
1647.222083260 -790.066881255 443.985180680 1.066243754 -0.831390227 1.140727291 
1648.673815319 -792.018443207 448.477648354 1.118829525 0.175374518 1.516334744 
1650.558426658 -790.792800371 447.540550768 0.707848307 -0.444997760 2.224440139 
1651.727428044 -793.205443186 446.959475167 1.178781479 -0.109917700 0.938769552 
1653.425394676 -789.888694728 448.172018687 0.531466430 -0.605002178 0.983946445 
1654.475103775 -791.448864844 448.916435768 0.907176093 0.134259962 0.747470748 
1656.209405312 -794.671655275 450.952438510 0.505547283 0.089415625 1.321723584 
1657.643564054 -794.530702170 446.668481707 1.442220994 -0.254601043 0.575152350 
1659.579901815 -794.594604660 447.919059259 1.104457782 0.201552038 0.429987068 
1661.164706591 -795.374834689 450.258359587 0.516191706 -0.487305607 0.972040959 
1662.590026011 -795.969357942 452.061692532 1.101066960 0.707108678 0.979408350 
1664.511060476 -793.233420078 451.420977506 1.539611406 0.774832021 1.403034627 
1666.403101057 -796.515907823 451.230665122 1.163986903 0.351823116 0.754535071 
1668.035037738 -799.405599970 455.132548907 1.557381036 -0.794488449 1.201378760 
1669.109830950 -799.904353446 450.750668629 1.349847990 0.372942202 0.740654159 
1670.809302209 -797.185181653 452.690738842 1.461485925 -0.643394696 0.788021453 
1672.796709826 -801.173240676 454.052737573 1.055170950 0.073889649 0.221707626 
1673.833800462 -801.074809407 447.771760672 0.383245776 0.178728962 1.865035681 
1675.075415092 -802.375349289 454.617547252 1.471205815 0.969756390 1.104137941 
1677.040747698 -803.692957257 457.780490080 1.582199857 -0.767940916 1.315159638 
1678.627833444 -806.339565245 454.927674630 0.438592121 0.242079181 0.624139930 
1679.675994305 -807.194558744 455.415949096 0.529770880 -0.395102375 2.149321367 
1680.902827115 -803.489018527 455.580419810 0.708383201 0.762026914 3.283268624 
1682.536882629 -805.771009088 458.024444544 1.797275881 -0.349481134 1.720675550 
1684.366594820 -805.318541335 455.744985400 0.923585187 -0.130281585 2.639201599 
1685.424756725 -808.278047502 460.937563301 0.783134382 -0.289492434 1.394792581 
1686.602778270 -807.835371435 455.187024190 0.850848022 0.083328138 0.734727657 
1688.494954738 -807.904509369 451.391307596 0.037813599 -0.074267122 3.365040648 
1690.282344364 -807.499829202 457.804269626 0.779475613 -0.283774887 0.715925908 
1691.308671824 -813.264352672 458.359625817 0.562530310 -0.550108978 1.205546487 
1692.546226139 -811.012348276 459.144154512 0.413553897 -0.241904772 1.009022597 
1693.735041258 -812.262362520 459.037666915 1.609238308 -0.426984638 0.263746309 
1695.314219834 -809.365883700 460.592571505 1.549656511 0.449661784 0.981234310 
1696.720904170 -811.030334377 460.730954426 1.093073548 -0.038370682 1.092266842 
1697.740792548 -817.130083902 461.620083285 0.707578125 -0.290042075 0.653749345 
1698.893750996 -818.621980217 462.143495135 1.124443221 -0.548648522 1.136695833 
1700.238140789 -814.782283532 462.583791664 1.219375397 -0.064382781 0.449282600 
1702.053465828 -814.160024040 459.806808572 1.383740477 0.410601329 0.127501470 
1703.966163610 -818.864989216 463.572251821 1.780206830 -0.234300146 0.080706292 
1705.129614984 -817.538135451 461.532805616 1.789431811 -0.149149058 0.394182087 
1706.545784776 -820.780095954 460.980141330 0.853776047 -0.162392848 0.892296761 
1708.196665210 -818.913456224 465.903130108 0.966965985 -0.507637084 1.264823592 
1709.803410377 -818.389766565 461.199754822 0.750383415 -0.768355367 2.719075287 
1710.983552984 -822.592545055 465.716490962 0.422713774 -0.374113138 0.415376874 
1712.080565287 -822.157125304 466.172210189 0.697748100 -0.295327561 1.051144378 
1713.480666726 -821.190275033 464.713504301 2.715464739 0.274559572 1.380701154 
1714.585630939 -822.119740560 466.166414227 1.773837395 0.197082204 0.403617882 
1715.696592625 -823.585517250 464.622527451 1.338830532 -0.335798871 1.469487481 
1716.709884447 -828.121974623 463.995292979 1.765004958 -0.012907890 0.403035693 
1718.037632967 -821.689397899 467.283753878 1.278391259 0.227745044 0.193226846 
1719.478972014 -825.747898921 465.948583880 0.721754814 -0.322794265 1.029079999 
1721.259633460 -824.877060517 462.931621346 1.128387810 -0.835532811 1.948988679 
1723.162870603 -826.070559201 467.541280513 1.001132271 0.140298283 1.803819475 
1724.620903661 -826.484607971 465.990628252 1.003603242 -0.925807800 1.068759467 
1725.984227058 -826.731193261 468.085678649 0.329988524 -0.383722333 1.465164823 
1727.605047241 -827.934717752 467.203694561 0.159375036 -0.233363581 1.368260968 
1729.034121860 -829.776368053 469.035951605 1.773173428 0.892258049 0.928528947 
1730.035129715 -828.685382767 471.144981293 2.300309992 -0.329735882 0.939784089 
1731.944103570 -831.353895615 466.962840314 0.662779012 -0.110432684 1.830549527 
1733.167078458 -828.229245892 470.072638306 1.318585181 0.321716577 2.795487360 
1734.669668904 -832.517962096 469.331676109 0.077475117 -0.209065637 1.382043702 
1736.388192660 -837.364288401 468.317754395 2.066029413 1.597270827 1.275343029 
1737.833974050 -832.544154952 473.650760611 1.496072300 0.938523956 1.080779123 
1739.436874685 -834.470097952 469.948146578 0.582547142 0.182223693 1.052819837 
1740.937969944 -835.910108004 474.720512502 0.579049299 0.304081311 2.022442583 
1742.437754983 -833.376886092 472.907258047 2.701540337 -0.039990778 0.963890977 
1743.468153490 -835.848236481 472.476756646 1.165064945 0.359685558 0.702654520 
1745.102790781 -834.851136814 474.279213026 0.835463685 0.223507042 0.502027704 
1746.113064011 -836.341420768 473.963574623 1.159709506 -0.857694722 1.706494856 
1747.327310867 -843.587682706 472.118828758 1.329999321 -0.107962871 2.853207722 
1748.929642711 -837.756791056 476.234640550 0.497834962 -0.488284822 1.556339410 
1750.650090097 -837.249909571 472.393464919 0.671238599 -0.692803442 2.092507832 
1751.974831077 -841.360016461 477.392410543 0.859876671 0.224966979 1.363426740 
1753.862859421 -845.458642168 482.993585599 0.839434210 -1.387874193 2.754889366 
1755.612830600 -843.380073257 473.781247336 1.839715897 -0.920576920 2.202490088 
1757.248157774 -839.194234569 479.037147459 1.065778914 1.061098317 1.742470777 
1758.482722880 -848.203888583 474.664202468 1.270063802 1.079133977 1.301195821 
1759.513928876 -845.058367096 479.487293408 0.300825177 0.256385849 2.117738854 
1761.449622949 -846.287303795 482.762057828 1.317484881 -0.070299306 1.662324650 
1762.526991457 -843.452077894 477.956234611 1.233775568 0.360202018 0.495786920 
1763.846682746 -845.900569005 480.051973441 1.452115429 -1.250140924 1.582597850 
1765.845595230 -846.895709861 482.389466891 0.955581535 -0.545641131 1.481368453 
1767.632422276 -849.219843690 481.701175719 1.267748077 -0.733827691 0.514123908 
1769.251349270 -849.308211170 481.565010601 0.568617219 0.556627792 1.833551521 
1770.879826804 -849.125628680 483.916839831 1.716493678 0.394071218 0.703984641 
1772.525608888 -849.992732700 478.747275599 1.342509606 0.649936518 1.257124321 
1773.750232863 -851.352531122 482.722164302 1.498451720 0.487955310 0.371067139 
1775.199620724 -851.960279943 481.028055323 0.243486106 -0.157148775 1.235577430 
1776.471321600 -850.797127108 483.383429973 1.283781679 0.138891786 1.152456778 
1778.091840383 -854.122043183 482.240996510 1.468724241 0.435691397 1.554841721 
1779.351662466 -853.002972761 481.236797668 0.242393373 0.014472790 1.149427263 
1781.167500213 -855.257055738 481.353061773 0.500833815 0.374499945 0.914837955 
1782.248637674 -858.702782985 483.627295495 0.671672167 0.701317085 0.843063734 
1784.172748804 -856.365466599 487.096443666 0.749328291 -0.007452468 1.859338613 
1785.563447058 -858.592931479 481.827363118 1.953944086 0.065454179 0.814388397 
1786.565755709 -857.604637918 484.771100442 1.339573707 -0.872505811 0.992331780 
1787.610166599 -857.416848597 480.120196411 0.721364800 0.323618520 1.931796186 
1788.805364954 -859.558576960 483.156235458 1.168418307 -0.066485255 0.524308597 
1790.065251077 -860.068011839 486.001948168 1.328017709 -0.238389227 1.445799469 
1791.137789319 -860.507135557 487.875997667 0.760690711 0.129046313 0.464066424 
1792.148317995 -864.773410891 484.967109634 1.474695234 -0.089022611 1.676389045 
1793.330218496 -859.584550148 487.598070803 0.869578093 0.122127490 0.249927713 
1795.265237101 -859.895524813 490.087727258 0.713126643 0.629585678 2.193536796 
1797.230742669 -864.097852994 486.466711414 2.084219716 -0.558773980 0.406205631 
1798.258374211 -862.438723691 488.444708142 0.423095494 -0.347598776 1.595180676 
1799.864676632 -863.347390254 487.418873941 1.797996245 0.644443885 0.606644094 
1801.439159460 -863.455916623 488.471269312 0.484249521 -0.231930084 0.298802351 
1803.254023006 -868.592636364 487.937439578 1.911098385 0.170030814 0.196445610 
1804.623423362 -867.449771768 488.526704223 1.132251361 0.140503575 0.490143289 
1805.758362844 -868.010283758 492.244507227 1.072598238 0.024265936 1.565501054 
1807.181519932 -870.012534421 489.952921087 0.065477368 -0.211884525 0.775446693 
1808.787761333 -869.330211422 494.176888259 0.924464770 -0.501484354 1.776649379 
1810.480083636 -871.866645713 489.802728544 1.051614930 -0.140033455 1.319795257 
1812.028565772 -869.151184686 494.168744571 2.080232875 -0.170365624 0.483589263 
1813.647754791 -868.282717702 497.780744553 1.150101736 0.666642870 2.281365876 
1815.619451277 -872.025716802 490.986851379 1.428631080 0.167512088 0.661062541 
1817.049168724 -872.631569948 494.371286954 2.003748212 -0.098677108 0.357981957 
1818.862089930 -874.664982160 492.186135069 1.030099389 0.610123944 1.236415225 
1820.076257813 -871.716354943 492.766305947 1.091389852 -0.267370897 0.519565229 
1821.698563455 -875.070234143 493.167984217 1.670899938 -0.499051750 0.977250833 
1823.276748640 -874.435374766 494.930006745 0.313452208 0.344810095 0.897448003 
1824.782474910 -875.712140549 494.856895820 0.770510441 0.750376741 0.866953208 
1826.432077301 -881.895234335 497.201675330 2.169107351 0.386795369 0.191269832 
1827.657582083 -877.891243085 495.002865487 1.555245924 -0.006976260 0.302752803 
1828.876697483 -878.914528863 495.807385184 1.594512334 0.412018882 1.701831214 
1830.743272124 -881.479439326 495.866208828 0.383858740 0.011124845 0.702873168 
1832.156237190 -882.477440267 496.743300144 0.231073680 -0.545075251 1.626602965 
1833.500784486 -879.508032220 499.285704202 2.339068571 0.636513541 1.412607197 
1835.306731002 -881.998869961 497.969464808 0.911486702 0.283956093 1.309675261 
1837.277059526 -885.368631734 499.905002483 0.248006808 0.284850198 0.464280915 
1839.061660096 -885.452073798 501.066444783 1.605638313 -0.119735263 1.350788776 
1840.813627464 -879.089596915 498.998488297 1.974897968 -0.198598680 0.211136526 
1842.690468908 -882.121146893 497.467209060 1.618438673 -0.606320980 0.322820293 
1843.790522450 -886.654146150 498.196548278 0.963943392 0.925271248 1.044301962 
1845.227732867 -885.790146679 500.706044334 2.223314920 -0.467796801 1.885842780 
1847.074318062 -889.308078672 503.465554143 1.663572992 0.346534243 0.659698318 
1848.296696133 -886.542684251 499.269131490 1.089583126 0.241713945 1.270939257 
1849.835390965 -887.496680666 505.742912209 1.600401563 0.753637736 0.396546100 
