31.676014450 -5.752490328 -27.935078140 0.438265030 -0.143426707 0.691413110 
32.818194212 -5.609683371 -24.314813656 0.176918543 -0.120696125 1.911176539 
34.305731628 -2.780540659 -27.778607921 0.896748324 -0.679467861 0.773948607 
35.459431590 -3.098270713 -24.614148244 2.674427529 0.752077992 0.233203940 
36.692763820 -4.973988785 -24.508702850 0.847016548 0.608777984 1.028885316 
37.784424452 -3.510451035 -24.583991556 0.202809732 -0.251782862 0.713314268 
38.789456064 -4.240099421 -23.165067275 0.952220400 -0.206616924 0.651422367 
40.038690230 -1.357111624 -21.904317454 1.082215105 0.228456438 0.116527721 
41.579132608 -3.453261853 -20.188635977 0.318713202 -0.342872779 1.059986174 
42.670921185 -3.799221155 -21.106111539 1.203544879 0.278394756 0.128130303 
44.259324875 -3.461484324 -20.245172528 1.351956559 0.885597583 2.337440547 
45.338583192 -0.977310619 -19.806011981 0.778900289 -0.490751844 0.405233664 
46.460858803 -2.720182411 -16.812671773 1.406136295 -0.563303175 0.947564044 
47.680712275 -0.849827733 -17.036577841 2.067234852 -0.705731917 0.900087743 
48.915463693 -2.947216610 -16.775155398 1.494238845 -0.050239643 0.104350393 
50.738360781 -0.528129265 -13.914942918 0.548193217 0.202443413 1.245645715 
52.567833153 -1.805929798 -13.484994087 1.308465089 -0.903895614 0.945103364 
54.252228024 1.448114631 -17.513934203 0.445233131 -0.270250376 1.852821046 
55.474544839 0.774582844 -13.055092433 1.710281703 -0.106704246 0.124704247 
56.479613684 3.247249293 -14.205716631 0.827137346 -0.659896113 0.656216456 
58.435750450 1.957817773 -12.096960758 0.386616646 -0.499357553 1.923641955 
59.473674960 1.002827004 -10.303338594 2.143177674 0.771364315 1.217147601 
61.434611946 1.916510550 -10.115616981 0.521317842 0.119267821 0.749435997 
63.116422994 2.722999407 -8.420339274 1.276901984 -0.429656657 0.571743716 
64.870419238 3.258091157 -6.961516480 1.283398699 -0.422511187 0.404646711 
65.871009569 2.851635251 -7.830504472 1.049935019 0.920481036 0.866319284 
67.307250418 1.347820194 -5.816627140 1.883111373 0.279507879 1.207953560 
68.842786300 6.648502304 -5.355366862 2.747248989 -0.054172451 0.935047248 
70.537755581 5.216559418 -3.149725922 0.035214622 0.004951442 0.555876304 
71.989121622 3.919750862 -3.273029961 1.445794690 0.488990544 0.917438074 
73.186531482 5.613950079 -2.515753822 0.274737878 -0.012323119 1.856697939 
74.550294309 5.422827252 -1.504526080 0.673675386 -0.049668128 0.275845318 
75.614900380 7.120059146 -0.592901219 2.010761363 0.432559803 1.475140931 
77.521218393 7.475207792 -0.371510267 0.734666924 0.169328931 1.314921063 
79.234749890 6.763002888 -1.937118562 0.315873938 0.448059079 2.063148354 
80.513721492 7.941815695 3.048899589 0.233651305 0.119762409 0.535855942 
82.070320725 10.605420343 -4.903631812 0.612376094 -0.518159343 2.182107746 
83.470240620 8.383221891 5.164667597 0.394774424 -0.173765675 1.331104605 
85.254500331 5.456617576 4.113852313 1.885106472 0.176941086 0.209915055 
86.589524732 6.781521069 3.619466075 1.461863226 0.982167207 0.837765182 
87.817472818 9.501515696 4.468439028 1.246072111 0.561245815 1.640077182 
89.044579642 11.471085364 7.946360264 0.588303142 0.469062330 0.375565033 
90.365168993 10.741108030 8.596886163 0.389043882 -0.001185114 0.849503948 
91.574411759 12.723291972 7.354290110 1.087790566 -0.795903596 0.727992899 
93.288010281 10.625737558 9.647957469 0.671700128 0.030516647 0.114470214 
95.092161026 12.655949464 10.399553881 0.772765142 -0.258305818 0.878762082 
96.874660599 12.472243191 11.567559814 1.597824898 -0.529565524 0.439674844 
98.583260583 11.336211488 13.784551274 1.573763310 -0.106890918 1.193926220 
100.336944010 13.835712662 13.838225432 0.707888190 -0.067375944 0.595170996 
101.886026110 12.025442883 15.576426197 0.955357992 -0.405451123 0.397500082 
103.783865935 13.517343166 11.557871045 0.623046884 0.422661142 2.380837334 
105.740303698 15.221376675 16.879640789 0.185111545 -0.146893025 1.158978274 
107.721638349 14.182513211 18.470005753 0.922799206 0.071470492 0.548802417 
108.730896213 16.184267856 18.809456635 1.707304933 -0.483479169 0.163048340 
110.007784422 16.704009565 21.553719572 1.404895451 0.243979057 1.779654780 
111.313638597 17.338959323 20.789419205 1.123786889 0.759179730 1.401995848 
113.236517994 12.666411261 24.582824175 1.687152204 -0.749918141 0.753968928 
114.312453930 18.964910518 22.271437784 0.748915715 -0.136776536 1.515057338 
115.381306148 17.304066417 22.685210848 0.654114933 0.230591720 0.528727120 
116.844637294 18.065605686 25.225596438 0.986410835 0.084576575 0.770446327 
118.017492708 18.462126491 24.430433063 0.569008014 0.625038539 0.735025064 
119.196172209 19.036608878 26.458228466 0.646992808 0.021308144 1.778845382 
120.442382805 16.676144353 26.667731721 1.333287165 -0.317900767 0.304078466 
121.808409593 18.577122201 27.983939331 0.638603586 -0.587014360 0.985358894 
122.876248082 18.183779137 28.641565113 1.579724079 -1.072293206 0.840697259 
124.156457559 19.836024175 30.734030581 0.211913153 -0.329386772 2.122855594 
125.819090269 17.094726877 36.172548838 1.081635867 -1.071817316 3.410651740 
127.457395005 24.769738607 32.579238631 2.770958369 1.125624000 2.026613732 
128.738296585 21.402332153 31.370392399 0.985332003 0.023080506 1.296316693 
129.912047422 22.063262724 33.349306135 2.363656783 0.306508843 1.120836008 
131.653668093 21.591028621 31.518183392 0.440145395 0.733525879 1.673006879 
133.389909230 23.371801682 34.908711610 0.393341184 0.454242556 1.188555886 
135.203161507 22.752271850 37.134019670 1.190988850 -0.589973698 1.456120782 
136.399316195 24.200676494 35.472945446 1.231939618 -0.144848658 0.256311311 
138.249385360 25.328011587 36.116936890 1.663292350 -0.287105801 1.028936332 
139.249559604 24.781449620 38.597298260 0.887101235 -0.260157100 1.659302226 
140.745234557 24.828582565 38.731634490 0.657511845 0.530676662 1.171819114 
142.518516750 25.170114123 39.592080072 0.200048736 -0.211083213 2.078232679 
144.106515763 26.340468579 39.923372165 0.889548404 0.112200063 0.451672970 
145.887511386 25.789326375 41.196244544 2.954901749 0.953787473 1.249408726 
147.494788529 26.395046719 40.105715863 0.747461912 0.276878787 1.648970463 
149.034313672 26.619383179 42.757512610 0.508236042 0.326920589 0.611588204 
150.913067682 27.677910821 44.503388961 0.658627771 0.247791862 1.241100741 
152.450410243 29.091610151 43.364132528 0.431956201 -0.291072186 1.083615265 
154.116357141 29.169480002 46.258370205 2.214019559 0.668793779 0.401543675 
155.863981311 30.159638763 45.943999997 0.997027740 -0.275609694 2.138175022 
157.740053763 26.897100446 45.223907037 1.165908124 0.676070198 1.883047382 
159.703812914 30.668590528 49.189057148 1.189601249 -0.473271342 0.400242645 
160.918146207 27.666252186 50.285662763 2.285311019 -0.003842068 0.503844569 
162.471499144 30.984476996 51.294477689 1.237157341 -0.243787353 1.083399555 
164.139414818 28.793009824 51.831644321 2.625508805 -0.207201818 0.826936478 
165.768802283 32.902581090 53.329880521 0.673443860 0.217080152 0.287767004 
167.477402891 30.144630005 51.103362117 0.860351871 0.404763567 1.079021632 
169.264558030 32.344665197 53.240565460 0.390175116 0.869602472 3.467076474 
170.888785762 30.771404877 55.779058744 1.547234608 -0.100581049 0.743164163 
172.093717310 31.797964040 52.897911709 0.663634420 0.418460364 1.850544583 
174.027387742 35.722916294 56.617426231 1.094423252 0.631883395 1.624237863 
175.132359573 34.551276936 59.458723484 1.168251953 -0.067814783 1.119698804 
176.701082175 34.607607058 56.813381132 0.399148861 0.680551688 3.374374805 
178.628839920 33.920931600 60.856510416 3.046849270 -0.046330952 0.177934161 
179.812200513 35.777093049 62.752024499 0.231302832 0.011703900 0.451267148 
181.250630905 38.434365840 61.114005973 2.441671593 -0.516380919 0.583795610 
182.468010337 36.762556072 63.331605115 2.015626306 -0.462106011 0.446594713 
183.672610755 35.487363580 63.481556402 1.377031160 -0.559237730 2.474207048 
185.484325435 36.082155057 65.122962905 1.407876964 -0.541129593 0.983154960 
186.992995099 40.879884294 71.255346878 0.821927565 1.014168190 1.959958886 
188.523809954 38.143154786 67.222170992 0.553818530 -0.595186550 1.512557798 
189.747755631 37.947538568 68.143421379 0.935184719 0.229784170 0.753651753 
191.529211074 39.290665557 68.447374772 0.477753189 -0.305615228 0.274962172 
193.004535906 37.975877883 68.777829879 1.211413936 0.167887521 0.560238375 
194.461409966 39.926711260 69.894072727 2.647898340 0.822640661 0.683683111 
196.355255542 40.507552051 70.902163459 1.404094245 0.282168554 0.834039364 
198.027459993 41.908515267 74.294918248 1.050321856 -0.129728246 1.685588154 
199.673017331 38.811803461 73.602757439 2.724816561 0.247922001 0.266070676 
200.823244872 42.081342800 74.170053715 0.737714210 -0.142842525 0.538066452 
202.460037104 42.564921192 75.922408409 0.924026251 0.735834336 1.305454942 
203.938112843 42.960516278 75.362087190 0.384015202 -0.464513155 0.699298832 
205.892055345 43.699569560 77.285794897 1.533806340 0.675408993 0.371234171 
206.930164931 44.018275004 77.691253996 0.500082429 0.262655352 1.174233861 
207.968429585 45.674224150 76.909734897 1.952684088 -0.143057569 0.920920446 
209.379070945 47.805690161 79.647625362 2.363058146 -0.089815909 0.438866845 
211.018888008 46.492283789 79.484368040 2.431435742 -1.111496600 0.757887424 
212.111489511 43.653827794 81.803569904 1.074815153 0.231202698 1.612383892 
213.820163177 46.618006552 83.889278278 1.669107206 -0.066584805 1.146547307 
215.674579996 45.190086922 85.060594787 0.212008327 -0.640383942 2.136247494 
217.350102915 48.522609469 83.064784125 2.225753972 -0.017260555 0.628065672 
219.218738339 46.894283220 84.397936435 1.626599584 0.126815739 0.988603463 
220.226878433 47.103439400 88.201004650 1.534249130 0.370654425 1.119052617 
221.985606849 46.256579421 85.037850397 1.797657381 0.542867771 1.809253764 
223.842008315 48.463111145 88.520608316 0.805855634 0.575690007 1.219306975 
225.383403931 48.326380389 88.851817857 1.231923177 -0.548095681 0.489612136 
227.242220875 48.934836368 88.848189088 0.227458232 0.268480695 1.624614388 
229.114576552 49.722517100 90.768998613 0.211728681 -0.497099201 1.385349534 
230.490091604 50.636612432 91.551566947 0.732392091 -0.310701761 1.177194412 
232.047353594 48.883885091 94.525991085 1.271064244 -0.240785201 0.998953329 
233.726021271 52.501379989 93.376217677 1.590764015 -0.323631504 0.131024306 
234.741744960 50.988548993 94.653886730 1.799167586 0.123725718 0.589071417 
236.063650756 52.391810544 94.862603645 2.224736306 -0.831576792 0.943622093 
237.376908142 52.464982422 96.742790662 0.413208716 0.299115460 0.586492092 
239.015229292 52.718996770 96.763948672 0.306004659 -0.523554969 2.417504577 
240.361789161 54.005827696 96.003955359 0.873847245 -0.557095457 1.697484679 
241.653459739 52.597987356 100.762962692 1.660561837 -0.100534961 2.006191287 
243.381479060 52.947538048 100.086710144 0.809902418 -0.413573930 0.366259914 
244.576617293 53.530612648 98.451508644 1.056433364 0.093096183 2.174825219 
246.277826712 54.767897768 100.607977039 0.439934751 -0.845373014 1.990943132 
247.721845690 58.127537957 101.711899475 1.416875438 -0.200571395 0.878516331 
249.383934202 56.256747118 104.216589985 1.798375758 0.042000052 1.440530472 
250.916283271 57.957039552 104.006023647 1.753900964 0.597836989 0.878542298 
252.860575047 57.284333842 107.059950861 0.443521292 0.669302929 1.271963088 
254.670629821 56.170860568 104.058425856 0.984803403 0.319980568 2.394451888 
256.257596909 56.992737813 108.157244188 0.146690989 -0.064013252 0.496626829 
257.854776663 57.572125524 108.095172203 0.783954543 -0.148218720 0.552399528 
259.271457388 56.725232172 108.462097014 2.472860724 -0.713490791 1.119504855 
261.042642756 58.679281474 110.970914890 0.929053655 0.580221021 1.845145476 
262.498047237 58.651051809 112.284329581 0.247535030 -0.229652268 1.313174993 
263.631958106 59.356962348 111.782053027 2.070448624 -0.906382043 1.840394945 
265.336980024 61.076926587 112.056928047 1.485319313 0.402289899 0.899767243 
266.387134248 60.006478294 113.206761957 1.344194774 -0.337119565 0.808568989 
267.947091592 59.760714263 115.039085780 0.492537578 -0.454113585 0.988149416 
269.584422073 60.914097425 115.125321733 0.517703898 -0.441484681 1.562439292 
271.033026134 61.461648404 116.179617695 0.721977492 -0.053032182 0.575905954 
273.029516331 63.043655315 118.263739323 1.337913577 0.120217307 0.976183229 
274.415329194 62.054671525 118.147034424 1.394855401 -0.001987262 0.546588985 
276.004992374 63.041641938 118.696884228 0.432273187 -0.075510231 0.994368163 
277.196210377 61.625457286 121.309909459 1.246134245 -0.349465124 1.253821130 
278.832656451 63.517971627 118.899344276 0.262957806 0.254975099 1.849074550 
280.293544743 63.423151553 122.298243858 0.781720322 0.567596140 2.324909320 
281.797905662 62.935881005 122.771733165 1.376531613 0.027674026 0.551739720 
283.765052540 63.973009656 124.770657051 1.578083626 -0.022149197 1.406283749 
285.091820687 66.631743848 124.644301275 1.654904938 0.059600552 0.132569706 
286.224468174 65.737521015 125.148827685 0.442211283 0.064389770 0.427712931 
287.952229190 66.633532784 127.414795120 0.706313560 1.051770361 2.135491418 
289.869317056 66.117405934 126.842809048 1.112966365 1.005103278 1.382582474 
291.316504463 65.268544182 127.961115264 1.060519853 0.322771215 0.538008982 
292.613915039 66.939460346 128.863819654 1.848591698 0.980846758 0.971108413 
293.834989526 68.541070137 131.572609213 0.651064353 0.775454844 1.685374352 
295.139951830 67.890045767 131.068184972 0.469688086 -0.309008882 0.616983134 
297.009043336 66.553104532 130.193719941 1.938529267 1.648615875 1.536098243 
298.737906518 68.374299762 132.430460591 2.384792351 -0.551587792 0.938439060 
299.834595176 69.112621750 134.195456640 0.153565349 -0.313083951 1.074875924 
301.350884163 69.829334415 131.290635167 0.497613313 0.176284721 1.911421699 
302.853143398 67.504535496 135.476509677 1.666705110 -0.000502655 0.757538826 
304.357782882 71.060836772 138.156127693 0.228389021 0.275562964 1.476315178 
306.325144143 72.510773044 138.176579406 1.206150260 0.301782208 1.511399253 
307.818143238 71.695285505 137.259588496 2.000420670 1.012998477 1.925266823 
309.758398348 71.817681647 139.078132611 0.527777497 -0.301659753 1.584707170 
311.712389791 70.987139294 141.078682632 1.272201424 0.154130362 2.150219634 
313.167828979 74.819030693 142.181598016 2.814517005 0.893806607 0.977645686 
315.002757418 73.854310748 142.853874675 0.850917714 0.343190565 0.340368433 
316.322988292 73.819583984 143.826876829 0.180770612 -0.320236794 0.672746833 
317.454940553 74.599914752 145.595204154 0.282527387 0.380436530 1.283785659 
319.159155846 76.087779920 144.788823724 1.215002070 0.474421265 0.761842720 
320.779488752 76.317040766 146.599524313 0.795170832 0.233156442 0.409644261 
322.241065372 75.890718597 145.999787594 1.363711753 0.522424283 2.392406754 
323.377663859 76.212669413 147.512789970 0.211763068 -0.094210006 0.392174739 
324.544401854 75.624668756 148.912895475 1.585181762 -0.201694055 0.948802210 
326.034382736 76.986118884 149.239599114 0.910547363 -0.041794691 0.013144622 
327.069665764 76.923125497 146.699736090 0.010487228 0.049637143 2.374056503 
328.737431112 78.882304672 150.090461529 1.416382414 -0.456394151 1.903720362 
330.339356059 77.093951935 151.512018284 2.266464034 0.909947727 0.397838320 
332.042787531 77.485184389 152.222621961 2.623241982 0.103046666 0.746998311 
333.169322439 79.606032221 153.370114403 0.779313255 -0.092877340 1.292652991 
334.995092267 80.639905838 152.977113313 1.332447932 -0.940927653 1.123667855 
336.099355467 79.635695703 155.482736098 0.618109105 0.272974071 1.458507071 
337.430258383 78.729615119 160.061850915 0.209216087 -0.519228651 1.924000296 
339.124810612 81.149588085 158.225652523 0.498661120 0.693044459 1.021036607 
340.783076275 82.325804270 156.817835744 3.006576321 0.162578771 1.588673919 
342.406906265 80.143455060 158.928855692 0.792293589 0.061893903 1.243771060 
343.666526875 84.013896940 156.287171074 1.033038521 -0.675858273 1.537164817 
345.411219920 81.531790803 160.419828811 1.554972432 0.239068925 0.562078240 
346.976473430 79.245320331 161.664566225 2.160178535 -0.721598771 1.944871265 
348.740253517 83.665896433 162.765781405 2.063537434 0.564994921 1.417359888 
350.447996914 84.876243462 163.177237977 1.672468571 -0.340192224 1.213520142 
352.369798537 84.152277132 164.730501782 0.718961704 0.621237439 1.967091600 
353.864694071 82.635711246 165.051702596 1.845941518 0.234777511 0.267089561 
355.156227759 84.781721693 166.437296630 0.191423171 0.118716990 0.868711161 
356.811611895 85.311102568 166.870750703 0.801397876 0.718259540 2.256567093 
357.952166224 87.283915718 168.222893838 0.941383291 -0.294936807 1.183977713 
359.427231263 87.028201252 171.512983552 1.665035245 0.408260256 0.992184646 
361.110363465 85.110147317 171.287682498 1.791404696 0.345586827 0.715725043 
362.179189239 85.716141392 172.513747192 0.937273322 -0.188688837 1.113477481 
363.871809238 88.329660131 171.856391558 1.015849480 -0.421657017 0.661350835 
364.960209974 87.661093557 172.860360313 0.027147346 0.074942959 0.530565054 
366.128311971 85.243121999 172.332989168 2.417957919 0.054510139 0.625337461 
367.975440788 91.897920394 174.033481958 2.501667505 -0.286283072 0.721299963 
369.575360488 87.982041030 174.708435393 0.981563221 -0.019053679 0.996749650 
370.855481336 89.075245140 175.272275616 0.676053603 0.559041415 1.202093333 
371.879363465 87.132783874 175.647781925 1.355987398 0.405332415 1.585506780 
373.130953024 89.983595519 177.137989102 1.024179219 0.079913801 0.559240611 
374.710142293 90.399894415 178.681237205 1.057510632 -0.702529979 1.002715035 
375.990734444 89.504894420 179.510653886 2.135739456 0.267525106 0.465429659 
377.560143586 90.979282482 180.154931658 1.189201236 -0.357010456 0.224900081 
379.383112936 91.323539997 181.039900931 0.440112582 -0.198981218 0.636159093 
381.020196335 91.848894308 182.888196751 0.853268758 -0.018990994 0.937647915 
382.602107107 92.719837636 181.546915274 0.537289332 -0.707051043 2.458325520 
384.314252744 95.375108650 185.945087479 2.990754497 0.931281768 2.530683355 
385.583836215 92.779562017 185.502266540 1.495556492 -0.486116317 1.011908507 
387.485840611 94.213777443 186.298477131 0.545653331 0.229893158 0.351691297 
389.135883641 96.785925884 183.869230293 0.978908867 -0.994426484 1.347006787 
390.733470292 95.191416119 186.957395260 1.626947956 0.031411918 0.977037428 
392.047454571 95.199180412 186.449656152 0.536459329 0.032274817 1.368738364 
393.467767250 96.391264618 189.231619671 0.487329622 -0.171174635 0.758504051 
394.974833146 96.178884314 188.851730429 0.152949413 -0.138148264 1.235085581 
396.697054827 96.854397781 192.109755735 1.058601629 0.507255506 0.903342302 
397.808762256 96.870655050 191.859196069 0.864476387 0.076641484 0.750932456 
399.183688194 97.288377536 193.270061160 1.355457383 0.712563220 1.968505923 
400.197458660 97.239874224 193.409141006 1.367525648 -0.513704369 0.984743322 
402.073956470 98.640030723 193.810795833 0.903045957 -0.636627385 1.630745096 
403.295383109 98.782030946 194.166278739 0.235310451 -0.145751359 1.460191619 
404.796526429 98.656692762 195.025603592 0.135170849 0.184640629 2.154748465 
406.200151865 99.126403460 197.338816607 0.637020292 -0.588605799 1.053022742 
407.677446991 98.264753617 198.502798034 1.510594645 -0.190391054 0.539518232 
409.317649486 95.226523630 205.060329687 1.856764946 -1.871129793 3.150092977 
410.497821113 99.619687294 200.478106342 0.542708514 -0.122357429 1.137297502 
411.680602491 103.054066720 199.040864352 1.769529999 -0.711032720 1.103905323 
412.994683742 100.717540910 203.255816243 1.969869480 0.543689458 1.574196253 
414.440537205 99.843938454 204.761019869 1.916479806 -1.300615972 1.683226022 
415.690173624 101.882247838 203.119619422 0.651587640 0.875142984 1.186564647 
417.026797440 101.339297395 203.773895305 1.250555297 -0.802975521 2.748814142 
418.714222038 105.315448746 208.174087939 1.022003715 1.171569254 1.597832788 
420.508461561 101.036368396 204.709780922 1.224580128 0.513924489 0.799442186 
421.699779244 101.123242990 206.534004542 1.653337349 0.010889492 0.478887701 
423.391241579 105.507828856 204.729413467 0.461282278 -0.550310654 1.623039562 
425.312405364 104.135437305 210.275449782 0.140199666 -0.484815380 1.776337003 
427.306770940 104.642651385 211.994399593 0.153506951 -0.296662928 1.492280348 
429.004534316 104.233064902 206.887421155 1.024993247 0.198730297 1.259100311 
430.283711353 106.248547846 210.833949292 0.995809628 0.012971043 1.205601540 
431.662943246 107.471358765 213.272829700 1.243104520 0.814458266 0.919901332 
433.641175668 106.137349530 215.846417471 0.332640792 -0.685062463 2.068692124 
434.855511323 107.357056948 214.803339759 0.700981542 0.432941374 0.447845454 
436.110262740 106.869026592 214.778420529 1.284166491 -0.161222677 0.919510568 
437.904161258 108.759362044 216.392773685 1.671481662 0.172412352 0.942139817 
439.426058498 108.044888741 217.902906483 0.753949671 -0.513092134 1.309234382 
441.211894392 109.361478664 218.411462506 1.200627737 -0.159798097 1.501067241 
443.059414843 110.067556161 217.769031442 0.660807176 -0.247303631 1.660892700 
445.043284714 108.771731903 218.405658545 0.507319645 0.125180263 2.261450683 
446.166125452 109.872487632 219.447873655 0.713616950 0.198913610 2.717857974 
447.573997421 110.058601416 221.918555709 0.734241936 0.248099606 0.158768278 
449.568541419 110.912772014 223.209192850 0.968296217 0.586165078 1.000031226 
451.180494298 111.712813731 224.058622666 0.331490018 0.582605418 1.794873126 
453.094185399 111.835420644 223.192795248 0.093910891 0.321812820 1.671031298 
454.743217347 112.393611194 226.494376689 1.101069959 -0.093307261 0.109515592 
456.124647061 113.040561643 228.200090682 1.301337644 0.156081644 1.460231548 
457.393397060 113.221646741 228.300324051 0.257621982 -0.217564189 1.757377828 
458.668377496 114.668099422 227.333880751 0.616120418 -1.030167776 1.956269781 
460.285718720 115.206622559 228.905294809 1.715762388 -0.606536154 1.828872204 
461.922225452 114.888464724 230.923723078 1.912975416 1.035436246 1.082372905 
463.226352937 113.422216899 230.890001593 2.660341993 0.773190235 1.349062849 
464.725941000 116.713851796 232.275104958 1.268508557 0.132686360 0.512695941 
466.019822210 115.315629809 232.923051002 0.401685407 0.182666920 0.121505582 
467.781114153 116.568868494 234.392284414 0.595035777 0.882715008 2.830501155 
469.433809241 117.927950217 235.045537013 1.701101363 -0.386945733 0.765724109 
470.756222487 121.525126405 236.765077839 1.695162946 0.153000510 0.192358225 
472.061930266 116.608909731 236.988935626 0.807299828 -0.689686466 1.734115596 
473.289659955 119.425522954 241.025100661 1.016945749 0.224955239 1.377111170 
474.403478135 118.315481019 236.291046788 1.218306738 -0.560269412 2.046175851 
475.694991969 120.254963476 241.818162986 0.679193839 0.359801062 1.163063573 
477.369349204 121.485719230 239.159429135 1.069420604 -0.531692588 0.584219733 
479.062310075 119.140222182 241.174967710 1.834261453 -0.247810152 0.470896299 
480.958715932 120.050549317 242.195868623 1.364776381 -0.872286863 0.830164073 
482.582757030 122.048121138 242.726235264 2.016649307 -0.130590388 0.587786776 
483.681494231 118.747311957 243.859112725 1.906372228 -0.013431045 0.426851416 
485.439552120 117.066756033 244.815321801 2.328634433 0.147934783 0.652188988 
486.925109832 120.958470395 243.971654765 1.613150576 1.251127968 2.065603424 
488.590628726 122.217985369 246.888513671 0.752486215 1.139447106 1.935279651 
490.050338040 121.932953943 248.374827595 0.592154362 -0.422704032 0.502994624 
491.392978288 122.287058377 247.995071769 0.843090869 0.278371753 1.030986261 
492.782804617 124.844360995 247.725523810 1.129749004 -0.078280124 0.912399171 
494.168433787 126.506929073 250.754730245 1.614303609 0.265006036 0.310859641 
495.564053215 125.224301846 250.301277754 2.342658457 -0.228334672 0.936289349 
497.440787877 123.433098369 251.381356620 1.093327485 0.473985086 0.478328167 
498.894283801 125.367044252 253.675809352 0.191675451 0.103571875 0.465400309 
500.120326555 128.532297927 253.569452205 2.706131815 -0.309485033 0.467193039 
501.398112045 125.768801113 254.534840221 1.387744191 0.573986320 0.882766675 
502.782127708 126.000817473 253.004083339 0.685665860 0.695347010 2.599428115 
504.230966323 128.169883174 256.646877049 3.214215485 -0.834358890 1.202972301 
505.405093407 127.136414504 257.290572680 0.663767650 0.104755343 1.152292532 
507.256674091 127.399120034 257.947387801 0.686692301 -0.460420869 0.660116737 
508.861095192 127.762723882 258.379663306 0.391523726 0.535402121 1.269664458 
510.761596104 128.698843988 261.228823846 0.658837569 0.361057456 2.450723037 
512.231198802 128.821358463 260.270430668 1.128779928 -0.252005065 0.743819006 
513.880992100 128.740521832 261.887657960 1.266910861 -0.141258309 1.134208238 
515.646310203 129.666278601 263.560893062 0.691231858 0.332180370 0.757697020 
516.869178807 128.935826366 263.305352774 1.425700665 0.428398308 1.065503294 
518.469324136 131.153167549 264.660006603 1.056992023 -0.273771836 1.633958845 
520.313820336 131.464820005 265.633167335 2.078456250 0.085934854 0.973784315 
522.106785770 131.055421913 267.761604325 1.246555898 -0.895135727 0.870789505 
523.511304627 134.684494880 268.047082230 2.023778252 -0.054857676 0.959292562 
524.738907403 131.763272043 267.864944902 0.478334338 0.371458933 0.636377555 
525.817153409 131.330239278 269.590350640 1.046898739 -0.238658276 0.692127874 
527.315912542 137.806079928 268.030339676 1.561517021 -0.642188776 0.294512164 
528.506524853 130.791894517 270.959287473 1.352767114 -0.068151349 0.677959691 
530.506014379 134.004493531 272.908316998 1.406494603 0.016647384 1.926190646 
531.851943671 133.483775864 273.337942700 0.921708903 -0.490848739 0.456377908 
533.668830940 134.552547657 273.809622312 0.389053726 0.106676778 0.680159021 
534.692986155 134.496954732 274.451664357 0.335656509 -0.307058046 1.928873253 
536.622546075 136.254325663 275.586858450 1.399202139 1.032020001 1.166803824 
538.089371431 137.055706730 277.074892494 1.396296277 0.030472358 1.525714578 
539.572421360 136.165548490 278.150788617 0.919351710 -0.211622676 2.018774081 
541.405411213 138.092228682 277.509989186 1.132598297 -0.188798119 0.787784649 
542.848519504 137.850879409 279.518323412 2.407978518 0.088786489 1.051030333 
544.588693709 138.890295365 279.505431381 1.516910351 0.040850595 0.823303430 
545.653885208 137.785740059 281.520473128 0.992576450 -0.183503675 1.172408008 
547.352021288 138.819873838 282.166537443 0.257703858 0.256212896 1.505490387 
548.678944161 137.519356123 283.599374335 1.044241863 -0.566849165 0.571384079 
550.580829655 139.144609267 282.307812797 0.784972799 -0.015982266 0.758561416 
552.265919714 137.909930501 286.864488499 1.430173177 -0.549984853 1.297593012 
554.031680457 139.041561410 285.634284696 1.209083922 0.153216105 0.744488277 
555.327638983 141.740977168 286.346478473 0.453112931 0.071453011 2.052977158 
557.166839108 140.980639442 288.373580697 0.826741583 0.126262296 0.878427427 
558.955801934 141.128032026 289.204567375 0.702647894 -0.170991804 0.521204851 
560.805307879 143.109369583 292.768021807 0.242117039 0.491502762 1.897141496 
562.203511504 144.234496710 290.658657987 1.311299027 -0.117436447 0.594971129 
563.705374015 141.665856701 291.365206265 1.507425696 0.595681827 0.507242352 
565.234297174 141.057688125 290.299338367 1.137736785 0.478752724 1.358647616 
566.388222280 142.865220017 293.961982131 1.122027690 -0.155719866 0.318610419 
567.682400197 143.395613900 293.955667203 2.555187598 0.044532166 0.589784032 
569.290157382 147.696649652 295.784179570 2.505311502 -0.422340741 1.876752427 
570.417253016 148.709330873 295.907539089 2.950801889 0.623197085 0.947673070 
572.236718979 143.925348021 295.489852580 1.359984272 0.805634497 0.779422789 
574.149256408 147.283239606 300.315392205 1.105009601 1.003798513 2.570891717 
575.430398615 146.813168715 298.712107038 1.687829005 -0.429994366 0.590640830 
577.052019829 147.416763745 300.033498879 0.964701948 0.596583978 2.868288777 
578.165411932 147.381438051 300.197953019 0.438008531 -0.420202335 1.527832146 
579.897774001 146.638847169 302.703502546 1.440553756 -0.975819756 1.094317004 
581.694207279 146.783767112 303.670828119 2.172940973 -0.663699975 2.156770963 
583.244956112 147.515716914 302.991403345 0.921441409 0.560087883 0.887514492 
584.945046937 149.055282614 304.239752276 0.226110562 0.236263497 0.793905006 
586.528688074 150.906661726 306.003989609 1.251361644 0.347987342 0.652666750 
588.367611423 148.191475780 306.802411275 1.394818737 -0.061523140 1.054337244 
589.980264442 150.022724065 307.178545424 1.045159478 0.023666162 0.297467956 
591.175728105 149.641545726 306.481587838 2.516674918 0.763000102 2.185998492 
592.453589365 151.410286033 309.896053103 0.244471519 0.103061006 0.635283712 
594.361423012 151.760244578 311.956226591 0.033585649 -0.131750837 1.965476812 
596.049333402 152.943791769 311.055200451 0.927679363 -0.164624656 0.845482895 
597.482030660 152.967036125 312.613672348 1.958209444 -0.524267209 0.716686380 
599.033289292 152.960626033 314.307212745 0.054109665 -0.155535024 0.931428502 
600.549956206 152.289018052 314.249927296 1.625796598 -0.381221396 0.263030442 
602.008427393 154.014932830 314.925249419 0.913484041 0.360774738 0.312729769 
603.676339437 153.750016729 315.400300631 0.776923035 0.317421258 0.667240047 
605.032430610 154.027914666 314.879316794 0.984395659 0.362641408 1.350109565 
606.209110798 155.054804479 317.199645711 1.106211354 -0.467281871 1.022685233 
607.825861924 155.882670114 319.785017176 0.696301281 0.547236856 1.694634658 
609.111749747 155.303504892 319.918664207 0.801159593 -0.782635438 0.883621524 
611.020151951 160.034393960 323.543448222 1.646970848 0.396613281 1.790958946 
612.409031224 156.218098714 320.101602938 0.443764432 0.741295458 1.995185703 
614.282338191 156.188854525 322.729937684 0.585372003 -0.231967221 0.138320753 
615.932909601 157.820873781 323.134975518 0.521124548 0.640048250 0.913852745 
617.064138435 158.798241287 323.577280701 1.134027538 -0.416373448 0.246104681 
618.671840476 158.159012746 324.825600930 0.792049183 0.229625273 0.679696523 
620.381015860 159.803103038 324.978422098 0.799125210 -1.028896352 1.368634328 
622.072001666 160.057997381 327.649764233 0.258493830 0.329906482 1.005352446 
623.744796938 159.155510768 327.629286151 1.327648246 0.386492159 0.781688543 
625.385348629 159.374970351 331.750590017 1.999410214 0.190259068 2.068349857 
626.473191417 159.848982785 329.959295667 1.444368925 -0.364609550 1.762850674 
628.045686052 160.923091668 330.035799511 0.328923357 0.298815410 0.541634382 
629.074774876 161.624776992 327.793146686 0.333254903 -0.195776114 2.244614450 
630.286938576 163.761698654 329.898658885 1.306847066 0.230543382 1.082461320 
631.815786305 162.799928018 333.234031382 0.686954558 -0.094277955 2.272446833 
633.729525270 162.885857531 333.004584166 0.379162203 -0.120202543 2.336544151 
634.805455123 165.107255379 333.650118930 1.785842977 -0.700024054 0.397802873 
636.642149968 163.539480529 336.719232033 0.454980058 0.423395695 1.496850389 
638.420973578 164.431605936 336.893639146 0.762242416 0.269415217 0.211751560 
640.199196178 163.106226831 341.418025024 1.897330786 -1.054896909 3.182374816 
641.558907926 164.672295726 339.068194319 0.587422842 -0.382370862 0.587623685 
643.422276195 166.859364764 340.489217476 0.602140691 0.338074653 0.245632548 
645.232703526 166.783331579 340.766844753 1.703666267 -0.118251735 0.143829571 
647.060527060 166.316242892 342.438979158 0.253114397 -0.441822173 0.945746242 
648.788862926 167.256451437 343.472705119 0.835475623 -0.398778866 0.607284405 
650.231278472 168.504238974 342.717017212 1.277361295 -1.138893731 1.676546267 
652.000680509 170.930606823 346.956263025 2.087980714 0.250436459 1.780026676 
653.394034017 171.267402183 345.549866654 1.365244599 -0.357044931 0.969051442 
654.813874458 170.379409873 346.458702088 1.467374004 0.438761294 1.715043783 
655.820197533 171.071742499 346.335268500 1.793079093 -0.398377530 1.569493202 
657.701088287 166.701699679 347.882093874 2.151240445 0.329514967 0.100656161 
659.643678893 168.229294544 349.259357527 2.714071814 -0.233804093 0.584260703 
660.979332875 170.494478361 350.040300839 0.290535143 -0.267098170 1.322658923 
662.816552275 168.952095918 350.246314542 1.652404765 0.729779874 0.423317076 
664.012827136 171.329871504 351.941632900 1.860881007 -0.957497011 0.729159524 
665.034320120 171.710816808 352.551405648 0.548411096 0.263931731 0.472124131 
666.689739713 171.820213073 352.652720254 1.666826433 -0.825061662 1.326018390 
668.511981880 174.650041046 356.353209314 1.997907341 -0.127618480 1.332287003 
670.332956637 170.001095513 357.465163163 2.322749009 -0.657102135 1.310712476 
672.250649146 173.843184027 357.640289327 0.129080415 0.330106922 1.098971082 
673.689642309 173.054858421 357.409339095 0.978527072 0.386917959 0.348484245 
675.494156213 173.969810314 357.905997408 0.938075818 0.160070167 1.098063041 
677.116491053 179.665564194 358.559671109 1.674164847 -0.379817475 0.456492303 
679.054342878 176.174339210 359.814369854 0.897429974 0.485192046 2.269396636 
680.156777534 176.768788192 362.372089150 0.643592239 0.525853088 1.326705450 
681.481622001 176.191156374 360.818778820 1.283923416 -0.462306790 2.056466241 
682.967293266 177.331754069 362.591593843 0.746474808 0.216168247 2.230589839 
684.038376477 177.615085382 365.696584801 1.933354534 0.502086551 1.464801207 
685.907480541 178.314876312 366.247931530 0.789168695 0.496292942 1.303017100 
687.013190864 177.596218486 365.804042106 0.314065618 0.023714199 0.036835736 
688.889577776 178.091003818 366.629906983 0.812131091 -0.214267687 2.469799436 
690.221483524 176.259934699 364.898199299 1.276443861 0.702722853 1.576187698 
691.615567230 179.251084226 373.923439360 2.756746200 0.204484093 2.429890747 
693.418802189 179.582751544 370.866017247 0.614886104 -0.360584685 2.264876879 
694.537774367 180.021121166 370.248316299 1.141970759 -0.922311185 1.023201244 
695.589863724 178.781559784 370.526316393 0.355044310 0.104069947 0.091012682 
697.575676191 180.747219910 371.312930673 0.963428202 -0.151471901 1.884971069 
698.593508391 180.944605606 372.514767061 0.853759450 0.569302010 1.104274548 
700.475126140 181.657717305 373.763188169 0.800581430 0.055412194 0.327676623 
701.611018252 182.280259851 374.856527429 0.559268477 -0.146720443 0.498978638 
702.877936926 181.783162843 375.212940334 1.355952789 0.558938185 0.919678681 
703.892089564 182.072155778 373.651713787 1.367065544 -0.408577144 1.946651726 
705.827304006 182.756032853 378.751740137 1.616485768 -0.357333870 2.881084696 
707.160085369 185.025298818 377.910002224 0.509307599 0.065129469 0.483023820 
708.516109846 183.600415038 376.932250020 0.807573917 0.420235764 1.080467831 
709.973940739 184.253673831 379.618498753 0.484341188 -0.217396550 1.558327165 
711.435787671 183.297722757 381.494214336 1.239078264 0.251062001 1.502746752 
713.126773085 185.094201282 381.747588718 0.056814866 0.071428813 0.950772635 
714.755508162 185.619647634 382.567224346 1.185075403 0.344072891 0.420836436 
716.425826091 185.516370027 380.226744423 1.586330453 0.692175846 3.000787042 
717.595418082 186.414173798 383.922763038 0.166503654 -0.085837161 0.232314982 
719.333130516 185.304145002 384.085762604 1.028834777 0.767861909 1.158110595 
720.791350977 186.363262086 384.704348282 0.461562257 0.889977135 2.533403942 
722.587071902 187.540604496 387.283134752 1.410869542 0.453532122 0.659658579 
724.136613347 188.045308859 387.007366306 0.244912373 0.369489775 2.156554781 
725.905366277 188.606783000 390.784195770 0.596102725 0.299063207 1.910955582 
727.003686990 189.014911177 390.097307636 0.764664727 -0.284252887 1.455189155 
728.744373094 188.293215419 388.778048235 0.387834172 0.541813733 1.096185221 
730.074116221 190.396055708 392.131977827 0.822505845 0.563790076 0.455552912 
731.474914181 189.188781864 390.997182094 1.658207264 0.729843946 1.014896929 
733.429043077 189.748348308 394.777435819 0.632014789 -0.495822423 0.935813401 
734.828999155 190.973773633 394.816611598 1.183970223 0.179730145 0.263364431 
736.407304249 189.970541679 393.870672156 1.510001213 0.906991930 1.302807890 
738.276409899 192.708770245 396.819575323 1.291829240 -0.418205237 1.383540121 
740.214168085 192.351498763 397.098849417 0.775574150 -0.436721805 1.346845766 
741.240277701 189.225691095 398.954705552 2.460881327 -0.448119481 0.499240862 
742.872162990 193.045958228 398.502512347 1.312474105 0.640293975 1.005800956 
743.910792259 195.315017765 399.026281173 1.348620246 -0.368311402 0.675896963 
744.971608708 193.658223240 399.943050096 0.714246985 0.328824146 1.050451024 
746.565802730 193.674833535 402.383821099 1.012780743 -0.533355677 0.454747391 
748.028986945 195.828847615 402.124363576 2.206508282 -0.538710950 0.761360738 
749.979796615 195.436929829 402.866675259 0.571136181 -0.388946545 1.462135789 
751.007369699 195.870523820 405.122819052 0.349422467 -0.056880473 0.998273818 
752.451344809 193.895065123 407.089627922 2.445109315 -1.234811578 1.514790074 
753.667549994 197.414423062 405.361922161 2.236576768 -1.318834643 0.959346421 
755.273243435 197.017365254 406.555738500 0.433011157 -0.220369306 2.629400495 
756.684376926 196.795804559 408.034689945 1.458208997 -0.910054844 0.874106935 
758.113066377 196.923712380 403.524508561 0.884412643 0.453445351 3.387491353 
759.549663339 197.518201537 409.252848323 2.422319348 0.845422661 3.279372358 
760.720536517 199.754211246 411.607768152 1.594061895 0.995990078 1.128750789 
761.817211610 201.698719391 415.281753723 1.447552681 1.140675423 1.795764982 
763.030754991 199.663257996 413.837121514 0.384808521 0.523566679 1.752144898 
764.272622847 199.543422211 412.192155448 1.216651938 0.003674381 0.411484968 
765.563944086 203.181366538 411.917659034 2.171324553 -0.608453724 0.562950416 
767.459038446 202.251016745 415.056384063 1.819211846 0.914731670 0.655106715 
769.448889412 200.512662867 416.127568460 0.701060319 -0.078808243 1.530582702 
770.458035789 202.428854270 414.801776404 0.995217757 -0.141816692 0.886749874 
772.027525278 201.918679158 415.543506788 0.990285423 -0.158706119 1.439988573 
773.412489822 200.369689881 418.049672204 1.298311774 -0.378561617 2.361061841 
774.612635314 201.437828314 418.028525537 1.025584778 0.310935618 0.902952306 
776.447319609 202.998983861 419.422833212 2.053283294 0.157260318 0.368911087 
778.091495111 203.327386828 420.708127729 2.010971597 -0.353231910 0.528495661 
779.964054015 206.115627454 414.515894860 0.319473730 -0.744226987 2.395874369 
781.491887776 204.608803784 422.323611071 0.977506653 0.358301015 0.539332400 
782.764055651 204.897025446 423.267109097 1.930324773 0.295413538 0.439757982 
784.757754715 205.704159706 425.629536733 0.390997995 0.048915500 1.183527324 
785.942070606 204.765736271 429.201892280 2.113932986 0.134666087 2.915077529 
786.980088774 206.590640720 425.298172608 0.524695356 -0.231768178 2.147168939 
788.485018772 203.581340063 426.852339117 1.154020545 0.130059530 1.072085170 
789.750701784 207.109843393 430.708002039 0.766831588 -0.221498959 2.081479247 
791.556797650 208.116143929 430.175872709 0.550319452 0.295793637 1.025406847 
793.226604149 206.962529887 429.612437285 1.728967390 0.678286386 0.576749114 
794.267684137 209.892308819 430.078451618 1.388329236 0.515042694 0.894684991 
795.736551128 204.202129652 439.867743092 0.790545160 -1.211341415 3.039409785 
797.587000989 208.860919153 433.049996691 0.538255292 -0.315497283 1.742386230 
799.270189066 206.863429322 433.438713908 1.797919837 -0.175430530 0.650545750 
800.598437517 209.223421894 433.621086240 1.164933773 0.413773341 0.456837112 
802.254109501 208.093084400 436.979561706 1.013043120 -0.309224290 0.896880284 
804.086523629 208.121475259 434.983016755 2.289658665 0.799370463 0.903397681 
805.964531236 212.533687907 436.480331877 2.065891488 -1.053628871 0.578767231 
807.951839542 212.765975306 439.107614375 0.927488386 0.055703154 1.563505647 
809.730030287 211.823099645 438.267211590 0.661801357 0.337671712 1.305713511 
810.978834876 212.262387943 438.871688032 0.610699099 -0.527252501 1.643704953 
812.138338659 212.417635648 444.161954266 0.533345450 -0.414862622 2.838594187 
813.413552512 211.810645103 442.689359545 1.867718448 0.968197042 1.293346407 
814.488012959 212.976506778 442.242129308 1.882519472 -0.447738360 0.492242335 
816.323270974 212.591108498 445.178274158 0.559813339 -0.396072932 0.728097233 
817.778200721 216.018107844 444.852203867 0.944502501 0.207957387 0.603857234 
818.959289640 214.853552315 444.809340949 1.031457646 1.162175740 1.804135156 
820.421422687 214.285137118 447.705607921 0.508283119 -0.172579531 1.752139140 
822.369196542 215.827884841 448.466670210 0.559453089 0.144253176 1.155920347 
824.062924182 215.941820715 447.726801738 0.509089869 -0.155736897 1.562085893 
825.614825049 215.498567782 448.065324690 0.686913051 0.318508092 1.619781547 
826.972869931 217.001098658 449.858144533 0.521267800 -0.227676414 0.523587318 
828.491366461 216.847903940 449.448212086 0.749142434 0.932424752 1.740366278 
829.516325274 217.673011433 451.229801710 2.161410127 0.872257916 0.511746016 
831.323327898 217.226078189 452.220281107 3.445036511 0.744825526 1.826561054 
832.595628608 218.383114113 452.027481102 0.340182994 0.485147837 1.445517011 
834.216319519 217.086224791 454.990448094 1.598788744 -0.528186936 0.523382446 
835.488116133 218.027182076 454.544204499 1.269017863 0.584777336 0.589835914 
837.387814091 218.350489461 455.019640975 1.097963489 0.756395243 0.759353754 
838.534878902 220.479898950 455.537801769 0.652702818 0.350706092 1.743138959 
840.176762626 220.602632192 458.745828210 1.898864035 -0.284290245 1.031729922 
841.391419143 219.406247317 458.420008749 2.063087739 -0.435344927 0.704994540 
842.767195906 223.695447727 463.649454757 1.987410615 0.287784541 1.598667305 
844.239052772 221.653800983 460.385582037 0.397752499 -0.196322079 0.319436910 
845.330320053 223.151608595 461.212977045 0.760457329 -0.428225993 1.161045322 
846.836162712 223.848377059 462.044238634 1.274477552 0.696925039 2.441100274 
848.104451290 223.506107972 461.605244035 0.987423118 -0.019546771 0.975309203 
849.819078214 223.516697312 463.462829003 0.243118420 -0.031592901 0.109009153 
851.669731298 224.253104380 465.816727969 1.068781483 0.574045023 1.980568103 
853.448705624 224.879112117 466.644246070 1.022175867 0.009894427 0.409207614 
854.837456466 224.498825272 465.800194434 0.800187535 0.353053251 0.708467725 
856.657597268 223.641351351 464.675798369 1.402802420 0.059819413 1.928252715 
858.458740487 224.917834611 469.321683424 0.628976297 0.197133206 1.249039919 
860.438044328 228.064036195 473.696646348 1.357324830 -0.065839993 2.545544702 
862.316021323 228.157196861 471.073373672 1.730007295 -0.399093138 0.478352660 
863.808547495 225.311967099 470.682128462 1.382067157 0.084981656 0.794021040 
865.524480898 229.325118278 471.431114617 1.781308836 0.252857545 1.901713006 
867.055759588 228.771007342 474.015529809 0.545123783 0.155678688 0.093318089 
868.561852176 228.481817586 474.781735604 0.972897031 0.712280951 1.377415401 
870.238307630 229.132534681 475.543516367 0.040312525 -0.076503432 1.426252676 
872.234125969 229.955012606 476.600070592 0.420580035 0.324940110 1.106108542 
873.528292309 230.271717123 478.625334342 0.321245537 0.293016002 1.502486756 
875.484005100 231.472967448 474.647247340 0.851354980 -0.622731095 2.961634868 
876.983700066 232.013725630 479.525367252 1.644150919 0.044356856 0.176481636 
878.246790182 230.768029257 480.377622032 1.189722959 -0.676773686 2.249967729 
880.088754388 230.478390593 482.010071998 0.890700503 -0.113650599 0.247520887 
881.171270414 230.613436505 481.302922293 2.334895250 1.307148685 1.105413325 
882.470545504 232.515697638 483.108139730 0.038918396 -0.050450323 0.116300397 
884.192610535 232.977866386 487.237701444 0.453659151 -0.191452750 1.374023377 
885.468280757 233.329585938 485.579126337 0.030916249 -0.094703175 1.390529874 
887.182890767 235.228774745 485.992323175 0.763157008 -0.265147194 1.385227958 
889.182879762 233.723263763 487.226118680 2.580308328 -0.181936360 0.041958601 
890.825070865 235.770205175 486.452875217 1.476896625 -0.498599330 1.300550777 
892.038989541 233.345458254 488.155382690 1.044735669 0.272014034 0.757675770 
893.145806996 241.816786382 488.394406153 3.063515578 0.660458809 2.567087239 
895.002798930 236.360936694 488.493070794 1.321179707 -0.319101963 1.918846186 
896.641573189 236.397946645 491.744885614 0.623911038 -0.347610671 0.416309424 
897.895721567 233.960554086 488.957859177 1.487737991 0.744167860 1.854877060 
899.086393386 236.342354844 491.951193649 0.281883330 0.294227923 0.496136203 
900.928891332 239.188321774 494.908222411 1.362497887 0.501410500 1.301282960 
902.622894599 238.260049682 494.600137041 0.292065631 0.237212990 0.721218510 
904.173995031 238.954057171 497.380058211 0.483465300 0.400169789 3.396949339 
905.488666092 239.066938449 497.476655787 1.174051694 0.333151395 0.734508168 
907.003111054 239.258701823 497.639430224 0.440061074 0.417585593 0.902567533 
908.124833483 239.174041723 497.937483079 1.435005864 0.814760498 0.843124658 
909.737416751 242.199825499 498.578226832 3.174510592 -0.367628802 0.774086676 
910.947738323 240.648563653 500.014867557 0.556669846 -0.044452381 1.197234545 
912.118676824 238.759795625 502.591995330 0.663499072 -0.486695244 0.563412398 
913.586775306 237.759678788 504.399016543 1.444091144 -0.755445018 1.348933639 
915.531272416 241.528912451 502.918986859 0.980104686 -0.109420083 0.499784045 
917.035505055 242.352244265 502.821920829 1.235098918 -0.029670284 2.097053713 
918.124849153 242.579132784 504.633348146 0.352010501 0.506921730 0.753291273 
919.418831482 239.960906285 504.351253276 3.726003082 -0.230962298 0.626017883 
920.952790218 243.155632132 507.275251735 1.285147401 -0.212820345 2.060906517 
922.619887580 242.024172069 509.177098830 1.599133371 -1.101005109 2.334686550 
924.171622642 245.497580132 508.007670745 1.350461196 -0.307953654 2.115422301 
925.855531758 248.613394995 510.743091739 1.999212454 0.641755878 1.858345970 
927.188677087 246.531389125 509.217080741 1.241359667 -0.707916900 1.158284875 
929.018414517 246.216159446 510.811689919 1.295480599 -0.020711623 0.507909088 
930.847166293 245.765058354 514.409575429 0.345117846 -0.173201197 1.532886907 
932.744218576 246.704202701 512.683905988 2.077012455 -0.033811936 0.422208445 
933.945093736 247.040074646 513.625777364 2.894625736 0.124211248 1.557968875 
935.394219399 249.296305233 515.318077989 2.465647201 0.537846272 0.276771722 
937.060318426 247.560960085 515.885345446 1.514451315 0.547224096 1.360424896 
939.042546181 248.424792080 516.807137362 0.911658399 -0.634004373 1.125703620 
940.705081207 247.939913893 518.978268701 1.180296289 -0.642737893 0.582363044 
942.574905539 249.327274751 517.760299663 0.098964330 0.111026388 1.603844817 
944.467727444 247.097492876 522.213626584 1.478206618 -0.548468671 1.016252754 
946.015872990 250.139428254 523.084478204 0.107622681 -0.275888685 2.037739972 
947.450785658 250.799681552 523.105485270 0.407445156 -0.097466695 0.733700140 
948.946604123 250.632059826 525.031241845 1.344238387 0.319895444 1.477015675 
950.689390076 252.267015023 523.854980999 2.014375286 -0.294750943 0.118761489 
952.043484993 253.315928457 520.592515014 0.272595076 -0.755349334 2.572410479 
953.599785190 254.892492255 526.007505914 2.055513348 -0.000743016 0.936330938 
955.376893015 253.249615403 525.178314059 0.824131817 0.436006997 1.816418551 
956.439951877 250.340203091 525.684478321 2.123883450 0.783237817 1.033510470 
957.916384098 254.615214770 530.519782277 0.678669480 0.531153430 2.077512959 
959.015712199 254.655938911 528.121698987 1.183705724 -0.182782190 0.773905940 
960.951767407 254.138330988 531.888137170 0.671245337 -0.545246942 1.031615030 
962.659551169 253.807458119 530.710530771 1.134365386 0.904238458 1.823624020 
963.927827925 258.838847419 530.821661490 2.157792882 -0.679839462 0.540834800 
965.712306020 257.767285638 535.609302349 0.888589615 0.712052797 1.210160780 
966.947312403 256.347246497 534.048453244 0.906923961 0.481368935 1.026083653 
967.953383641 255.736371093 535.102338447 0.958807776 -0.506470585 0.820049593 
969.088028377 256.523230501 535.017220498 0.455057528 0.054586545 1.887401272 
970.924615457 255.403109997 538.729693474 0.788233308 -0.481774416 1.606196901 
972.924505039 260.114558226 536.832529247 2.258177620 -0.418918485 2.910563465 
974.253886291 258.713389099 536.851708555 0.474508467 -0.291850911 1.714618507 
976.009792381 259.661178266 540.392559308 0.985418524 -0.044891875 0.767424562 
977.108469228 260.627932075 536.385723640 1.517545597 -0.470266745 2.239903258 
978.946583430 256.786415274 546.209469453 1.069977072 -0.981086444 3.146571386 
980.472960940 260.234641140 540.277720798 0.116964608 -0.286811677 1.811631009 
982.080424372 261.272577178 543.574928540 0.655931791 0.292174682 0.305133933 
983.726153856 260.704357611 543.718941463 1.223601867 1.011474647 0.880136600 
985.010800053 260.749327937 544.398549555 1.653811718 1.146795043 1.570175911 
986.568835091 262.002929424 548.856415052 0.347687713 0.211580136 2.417283711 
988.169610389 260.309615896 545.281020667 1.680894825 1.122487937 0.824967420 
989.484661911 262.771699376 546.985820143 0.815326202 0.122515434 2.146642056 
991.156830488 261.474291824 547.826565813 1.989297520 0.704720893 0.592520516 
992.248171200 262.969900807 548.882037281 0.627510646 -0.433159519 1.736359473 
993.757865073 262.638454480 550.739871525 0.897374049 -0.585808764 0.573415180 
995.538370041 263.480188577 549.277705482 2.219924575 0.699580748 2.181467813 
997.255647512 265.405576932 553.657443374 0.822469834 0.312798782 1.220488725 
999.085786726 264.289416081 554.606437503 0.934533082 -0.496075677 1.217651806 
1000.623840742 267.619310550 554.504905158 1.171548467 0.313084174 0.128666406 
1001.700821404 265.922661042 554.588273657 2.689415351 -0.090138280 0.726683121 
1003.151245556 264.897587855 554.303828579 0.811416712 0.464613974 0.860128224 
1004.607085908 268.529164277 556.828054201 1.581473767 0.250173273 0.634593746 
1005.999639244 267.397771856 556.889392744 0.690846791 -0.460780049 0.784414750 
1007.728430455 265.475042052 559.646128888 0.979871447 -0.217188697 0.926139016 
1008.819018971 267.348344603 560.306452498 0.803991558 -0.547901932 1.821704774 
1010.716493595 269.646751185 557.740126262 0.944237325 -0.492537644 0.884296233 
1012.454916833 268.880209365 561.215969286 0.188200193 -0.498979167 1.897095187 
1013.902981228 269.244790121 561.766712704 2.135625775 0.245611330 0.983404115 
1015.823141039 268.337797402 562.454492666 1.061291391 0.076924166 0.790113044 
1017.126874626 270.297077158 563.070752069 0.595193930 -0.745810765 1.754771322 
1018.855946979 269.937477014 565.187289376 1.665309444 -0.856070303 0.788779974 
1020.183494235 270.945221914 566.016172935 0.718370923 0.303950138 0.953893033 
1021.907786683 271.787174114 569.417160143 0.473277178 0.091001669 1.487260738 
1023.602307003 271.631300423 569.112913708 0.444684938 0.032332661 1.291851555 
1025.255073909 272.919160867 568.867332135 0.880828158 -0.072450284 1.055814215 
1026.852300662 273.098251697 569.649552772 0.415529117 -0.649002115 2.212050648 
1028.310079173 272.509534963 571.192325487 1.424989227 -1.154459495 1.306148864 
1030.097067034 274.162912496 571.488483583 1.515178114 -0.642870096 0.800579602 
1031.504069213 274.116949332 571.179631559 0.784329275 0.226543511 1.734666442 
1032.600380137 274.715430143 573.515665059 0.628578876 0.029767258 0.464469896 
1034.225135027 278.142224254 574.599787914 1.919272765 0.123216298 0.306330612 
1035.626316166 275.909229762 572.377153478 1.060042853 -0.302387234 1.564838056 
1036.748849151 274.415607654 575.270013298 1.254555618 -0.223099820 0.900920091 
1037.905574834 275.782160557 576.317573390 0.266014987 0.073914584 0.182808671 
1039.545596373 273.828825821 577.337929663 2.502004371 0.158517058 0.117689675 
1040.863819688 276.947776709 578.413515458 0.385136925 0.161789500 1.385698058 
1042.134732791 276.220303206 579.784952489 1.419426753 -0.336586139 0.911887511 
1044.100806193 275.200501543 582.679803421 1.898355116 -0.558848073 1.403603034 
1045.433104165 276.620330278 579.244979102 1.671856656 0.229444400 1.944399500 
1046.897880261 279.904204919 580.656786061 1.879496898 0.155494524 1.247916174 
1048.168365134 277.427652008 583.038270337 1.967521281 -0.598891684 1.635231710 
1049.896683164 280.127752767 583.396592997 1.709116577 -0.451932776 0.324712027 
1051.326663441 280.185011212 583.930391219 0.982267182 -1.111079225 1.367646451 
1053.007265298 282.454592760 585.195210059 1.664233519 -0.061024851 0.973697686 
1054.436038932 281.361388491 587.143071719 2.075451766 -0.114487130 0.943360536 
1055.733933247 280.728916716 585.747276268 0.284562309 0.086649077 1.286280520 
1057.526843805 281.415204291 588.178443076 0.681976879 0.219783168 1.145746831 
1059.525674938 281.327676237 589.442052882 1.899604201 -0.425290767 0.273024527 
1061.148692164 281.535072454 588.752255654 1.010076224 0.975079577 1.539260547 
1062.577562825 282.983049701 591.459588963 1.125641365 0.417777966 0.450146882 
1064.130462246 283.113182841 591.804924315 0.578901837 0.045529599 0.567920462 
1065.712749733 284.614775586 591.415752171 0.882706151 0.166353636 1.277355894 
1067.343547544 282.583802703 593.956999143 1.974211926 0.057084451 0.037439251 
1068.760855696 288.121586191 596.926408477 1.615200707 0.018719402 0.774926303 
1070.744521272 283.222433774 594.146284598 2.434302839 -0.281469237 1.196631345 
1071.824438289 285.246664194 597.439725971 1.539337233 -1.270424921 1.492486951 
1073.094652678 284.705554299 598.027874621 1.277717122 -0.908018532 1.307583727 
1074.802426243 285.804630925 598.118666394 1.255720178 1.257065523 2.603646536 
1075.930372796 287.308147317 601.580822307 1.497121002 -0.563720632 2.121460082 
1077.662607919 287.486100146 600.023617324 0.320390246 0.005875567 0.920890552 
1078.819437365 287.989515989 603.399006222 1.327579335 -0.347600996 2.243090368 
1080.172694308 286.188354193 601.632219680 1.552521432 0.168814999 0.350432481 
1082.145376329 287.688136597 602.648772845 0.674584980 -0.173317448 1.895405621 
1083.823331360 289.376401814 603.942539139 0.770948236 -0.488203789 1.121113594 
1085.085810598 288.261739855 602.521456158 1.029329912 0.808691115 1.776957474 
1086.973042545 287.438821264 602.900833279 1.813475014 1.014081618 1.687818013 
1088.612060035 290.174767600 607.248268914 1.298631805 -0.799626490 1.110573670 
1090.126544100 290.930228926 606.840675448 0.356963169 0.067969415 1.082748493 
1092.093457484 290.299638896 609.446753535 0.664442172 -0.523677112 1.062934052 
1093.361900211 292.317761678 609.814738393 1.753064157 1.542739053 2.320284321 
1094.711269159 292.192548028 610.549222078 1.273023415 0.242546329 0.118965947 
1096.530617904 289.693886477 613.721731429 1.817079422 -0.572710017 1.619507004 
1097.651044681 292.313609158 612.142944820 0.554264194 -0.061448895 0.944606549 
1098.868424901 292.692138941 612.049932077 0.247595985 0.018068697 0.766936667 
1100.167483216 292.840404971 612.919379460 1.167964117 -0.258088092 1.045682541 
1101.757067084 293.599230018 614.486615517 0.656003718 0.413962997 0.267447984 
1103.186453340 293.327647595 613.710063682 0.616898589 0.106860541 1.620921676 
1104.486132791 297.034283320 616.349589133 1.778091765 0.136485509 0.609733541 
1105.598002169 295.029027850 622.353312356 0.466390299 -0.132431321 2.348310429 
1107.114424199 296.896308408 618.089762919 2.522858884 0.737686820 0.475560989 
1109.018325606 297.344690485 618.473567184 0.778002541 -0.424038478 0.509196497 
1110.357782821 296.591633556 620.030478829 1.882364330 -1.716933886 1.990347256 
1112.005053924 295.290747765 617.607888086 0.425381592 0.479228945 1.502510716 
1113.461488588 296.794837489 621.030939438 0.294811369 0.084084846 0.458685796 
1115.015367174 298.290024028 624.953395480 0.346631915 0.190370387 0.898815452 
1116.834647245 298.162497120 623.703821835 0.377763134 -0.683756795 2.385572812 
1118.377223839 298.094653314 624.364264668 0.820461796 0.317753748 0.340774716 
1119.469330552 296.726503753 625.546574292 1.688471601 0.455666782 0.781896628 
1120.517821504 299.147178483 626.079745846 0.070654770 -0.352486727 1.771756027 
1122.350862795 297.398886191 627.603929265 2.576026456 0.135677671 0.604939034 
1123.792039792 300.553079648 626.215262909 2.102445022 -0.017489035 1.692428301 
1125.268367106 302.221821818 627.950542005 1.340651257 -0.710117114 0.610717713 
1127.243470677 301.463807823 630.101002709 0.752042949 0.244862279 0.144673750 
1128.481864406 302.013113127 634.187996133 2.189238936 0.202533121 2.003974272 
1129.811558921 305.332725504 628.650019099 1.788769922 -1.120392708 1.515989794 
1131.288218968 302.270687453 631.934806560 0.151183618 0.134131077 0.967631462 
1132.867334168 303.165572248 633.066672225 0.506331403 -0.332988515 0.284044777 
1134.185448443 302.601922028 634.395296884 0.965414938 -0.037170212 0.688780146 
1135.420947872 303.040480269 635.149090149 0.275195126 -0.030751938 0.750342230 
1136.860995364 302.609866354 634.845543916 1.008028426 0.766484526 0.860434862 
1138.732159664 305.752904479 636.300980131 1.749084526 -0.656256120 1.054473461 
1139.997805014 304.384076732 637.046112493 1.133225041 1.114707481 1.444657584 
1141.938262130 305.372392856 638.619172595 0.542962873 -0.417698140 0.357557295 
1143.192073355 305.515596535 638.853890567 0.401066713 -0.130502040 0.493718404 
1144.391044686 307.636318583 640.491223554 1.129588035 0.257798671 1.385774032 
1145.963698270 307.406931991 644.295701948 1.697885247 0.208631340 2.193176145 
1147.444160216 306.855525387 642.101692318 1.068037950 -0.094597662 0.066472859 
1149.020531135 303.634733042 643.210128088 2.057046835 -0.317483254 0.959998371 
1150.313150391 307.050971587 643.791819189 1.226336435 -0.320337704 1.105553424 
1151.668370197 307.858934637 645.007012679 1.146437983 0.260736409 1.060086618 
1153.330482221 308.648737307 645.759712607 0.764409999 -0.431724557 0.489276098 
1154.827141781 308.972652904 644.146342208 0.968796864 -0.084761083 1.338943665 
1156.069508344 310.059472946 646.711860648 1.670649563 -0.779243898 0.450020903 
1157.406232590 308.758474804 647.762454895 1.620239356 0.010049673 0.964284040 
1158.647614336 311.554679657 650.470588663 0.951435508 0.913376960 0.938155992 
1160.279712754 312.697805603 648.818862156 1.205557245 -0.389146510 1.211256432 
1162.090621910 310.585290971 651.642279601 1.528993323 -0.424131662 0.771450399 
1163.217105337 308.923941980 653.371963401 1.020852306 -0.593862604 0.709805739 
1164.243634077 310.973672481 654.406093436 0.488687642 -0.639175368 2.487009043 
1165.264304316 312.604755512 654.247553442 0.309883630 0.246469340 0.670361038 
1166.964273787 312.053636157 653.798258264 0.421866209 0.131636344 1.544625627 
1168.903545047 315.049182610 653.776037486 1.642183337 -0.812864682 1.026662419 
1170.820143608 313.513803480 655.434644681 0.889140444 -0.332715871 0.691339181 
1172.494514873 313.682360865 656.685093772 1.114601693 -0.080939850 0.764711316 
1174.126289517 314.001746490 657.883397353 1.689930098 0.213593004 0.924443803 
1176.010698172 315.066675153 658.679332254 0.591893828 -0.096653492 0.552156778 
1177.292253225 315.380728187 660.250027016 1.475440457 0.658890958 0.369954609 
1178.368206147 316.213176360 661.242243234 1.047598260 0.638325880 0.473192855 
1179.372377616 316.107264330 660.980700327 0.783394645 -0.562670549 0.513234047 
1181.340904715 315.071055799 662.885823413 1.354082769 -0.745834103 0.731808808 
1182.407281315 318.019464526 659.241159666 0.676682998 -0.714224837 1.811853603 
1184.258408259 316.137904811 664.128948195 1.621978607 -0.441599273 1.313163438 
1185.461366053 316.276784826 665.494207616 1.020070745 -0.211068556 1.648117871 
1186.488461845 319.197363338 665.883082897 1.493550116 0.306531387 0.636933361 
1187.492893793 317.908066400 666.214340348 1.145455322 -0.894042296 0.960528722 
1189.364803314 317.036070586 666.366408591 0.966164933 -0.266225942 1.569920905 
1190.562237526 320.075728728 670.445365287 0.334819198 0.589641242 1.185175723 
1191.613524523 320.692239881 673.129460585 0.438553220 0.665610231 1.916801967 
1193.082083606 319.498783844 670.705225240 0.121406884 -0.224332650 2.420198725 
1194.179023682 319.959427927 670.130828395 0.818162992 -0.587943183 0.889287167 
1195.370599050 319.896343439 670.886538204 0.608371093 -0.740790193 1.129322247 
1196.453765769 320.003198790 668.217721383 1.436883449 0.579501549 2.612567665 
1197.967869348 320.806637419 671.231786187 0.552732468 -0.018677159 0.598295883 
1199.896093811 321.710233594 673.366397357 0.520160267 -0.057201691 1.041514776 
1201.261734091 323.562244552 673.491251853 2.068820888 0.059387566 0.472090684 
1203.221040273 322.486907902 676.280125514 0.089831981 0.225529792 2.067177188 
1204.847481266 323.115648804 676.175336325 1.144145474 0.221557128 0.783107935 
1205.888684551 324.858968034 676.368206832 3.015616478 -0.895811974 0.582397414 
1207.701669944 323.997580079 676.893058095 1.167122524 0.359093101 1.240173636 
1209.556616878 323.068348319 678.880782910 0.317083893 0.095535554 0.093220366 
1211.044853246 323.689838229 680.576372987 1.331297663 -1.054406515 1.601086883 
1212.476298374 326.236678730 678.510583087 1.426234615 -0.849293016 1.544340712 
1213.908371825 325.300536561 682.152156082 1.172481510 1.063108315 1.268355432 
1215.718607864 328.443978652 684.060842271 2.003654374 1.222573660 1.878218152 
1217.159329055 325.079836903 685.241906059 0.523376233 -0.321399090 0.790804492 
1218.794718021 326.028061737 686.902949929 0.415536642 -0.103518803 1.203452562 
1220.299389906 327.653684298 684.186000795 1.364108065 0.133227873 1.166783398 
1221.765357645 327.077660824 686.505282785 1.799871592 -0.490142507 0.353549983 
1223.138735384 328.674901231 684.521961423 0.166328477 -0.640793932 2.527291242 
1224.758001483 328.032520288 685.991480198 1.089406844 0.630519201 1.538995471 
1226.223143056 328.145841009 688.959923296 0.932333994 0.339765984 0.244316479 
1228.085324052 328.495619901 691.467760812 0.590147716 -0.258407489 1.196575313 
1229.558569095 329.555343584 691.159481203 0.283051197 0.041853236 1.173164920 
1231.331337765 327.555525963 691.350079463 2.108769306 0.550810832 0.578536626 
1232.955030408 330.742594048 693.673052480 1.233525098 0.259191944 1.101765038 
1234.151527784 331.143386145 694.198113686 2.129582818 -0.072337954 0.105728150 
1235.180934503 330.842702512 694.869677180 0.481492523 -0.241256273 1.119507040 
1237.121511633 332.060233458 697.478698910 0.486427523 0.147910639 0.685425206 
1238.462422595 331.962730175 695.955137300 0.240499937 0.533206170 1.579644945 
1240.207216203 332.710035906 696.720541941 0.211486442 -0.259943055 1.279764614 
1241.262764801 335.598946896 699.794065523 1.611212055 0.442453920 2.133264912 
1242.435450755 334.627580264 700.659858219 1.058212270 0.510347354 1.019652295 
1243.920135404 333.991050161 699.788118756 1.020454193 -0.019263590 0.861690860 
1245.600111168 334.557314876 702.302193712 0.642454122 0.352035034 0.872138938 
1246.804261968 334.723228913 701.192589312 1.434227728 -0.582815282 0.683240085 
1248.304138150 335.054831551 701.306237636 0.554954923 0.159881979 1.087939931 
1249.341417163 336.064293333 702.832009537 1.179758768 -0.009741667 0.338255050 
1251.102764157 337.630291837 704.646967762 1.985496190 0.397651269 2.012906585 
1252.738742565 334.005755225 705.706236578 2.486963603 -0.772699436 0.426451304 
1254.516404189 336.970104769 707.285012553 0.132627409 0.390259905 1.460407531 
1255.738522656 336.845980162 706.933455358 0.921518322 0.042891165 0.650361282 
1257.713460151 337.860967638 707.338768229 0.849763092 0.155844396 0.674297626 
1258.952142472 337.816322385 709.109332130 0.556643739 -0.211577560 0.175188662 
1260.837748409 338.593339040 709.850271468 0.162162526 -0.118749952 0.586343977 
1262.795613502 338.591816115 711.242726798 1.394685133 -0.232574171 0.254571786 
1264.376201822 340.101838869 711.574520112 1.136068515 -0.218066009 0.827764017 
1265.794810751 340.184282461 711.409311828 0.163229829 -0.202531439 1.344367894 
1267.156338306 340.112546307 714.164506029 1.331492542 -0.205954522 0.345193898 
1268.527799375 340.618144555 715.344019045 1.425228923 0.589903440 1.220252831 
1270.371019314 340.901920824 715.553455941 0.260645583 0.299991822 0.734322112 
1272.238998602 342.899184792 718.042756702 1.332246158 0.846977256 0.810837029 
1273.727471628 341.397630878 717.769556138 1.044105140 0.516632395 0.720678537 
1274.761852753 342.541170490 715.733825205 1.019540901 -0.193878379 1.744268523 
1276.013147487 342.458819101 719.242014922 0.888812326 -0.100959602 0.643619460 
1277.127560474 342.262918965 720.007859099 1.226095977 -0.232084203 0.583809724 
1278.935526302 345.223111422 723.948949111 1.498061550 0.260299899 2.725407646 
1280.725797316 341.532492844 723.908388528 1.084784011 -0.640092245 1.224997959 
1282.431418615 346.807983760 720.293576862 1.007231066 -1.169781465 1.451839546 
1283.480586515 346.815982334 722.789612316 1.210259445 -0.572683255 0.417466692 
1285.184325959 345.835214044 723.536127327 0.514824526 -0.441647914 1.007689068 
1286.754898045 345.869637855 725.455234616 0.609712958 0.266375283 0.812065371 
1288.716652830 345.322105463 727.034051363 2.110915579 0.990181152 1.493286932 
1290.440524487 346.424165336 726.698556011 1.111471645 0.294793388 1.410497701 
1292.145703909 346.885153218 729.214783448 0.321687710 -0.019387281 1.187591421 
1293.215079569 347.143228682 731.758719405 0.176589633 -0.262430359 1.640761846 
1294.599862575 348.541193829 726.830312931 0.834875172 -0.384454705 1.497751788 
1295.763873191 350.134988561 733.829164662 0.771058810 1.077359422 1.673336362 
1297.007238487 347.225705071 731.454537520 1.872646361 0.357889658 1.238486014 
1298.538231177 347.913318413 733.309518526 0.725487047 -0.365239300 1.660662208 
1300.293781449 350.071593926 733.060539240 1.019000811 -0.555984484 1.033553382 
1302.265772810 352.397249817 733.708931349 1.796472135 -0.377619717 0.695120365 
1303.950611457 349.190634331 735.407583267 1.273333734 0.623923437 1.771833806 
1305.777644426 350.589743849 730.699999994 1.016812054 -0.083903603 2.303801339 
1307.463413184 351.750458970 739.028428688 0.192901369 0.047538019 1.159759388 
1308.627527128 351.767100320 738.454477350 0.066839542 0.274245107 1.351391177 
1310.374755797 352.348692602 739.878136663 0.907392154 -0.030906413 0.011912379 
1311.635012789 352.740318084 740.117339993 0.562593648 -0.339270343 2.059124891 
1313.221472309 353.333380376 740.032561702 1.026599623 -0.517528040 2.571581377 
1314.670467378 353.566556153 743.135702283 0.327250629 0.499758238 1.578699645 
1315.699359774 355.415607305 744.290999663 2.296661629 0.801180026 1.767204639 
1317.094200045 353.649443107 745.233885109 1.232233834 -0.202902968 0.570866211 
1318.461779976 355.613133183 745.796157108 1.111035395 0.631395387 0.835010840 
1319.522676774 351.707518922 744.866765494 1.677830441 0.068273712 0.440737472 
1320.879766992 354.570027150 746.181187352 3.045414864 0.344785293 0.233592812 
1322.062091239 354.466926676 746.751677385 1.276177247 1.143268803 2.637736011 
1323.352387719 352.151445883 747.296023227 1.611797246 -0.034151935 0.299822014 
1324.492449216 358.901954702 746.714729261 1.575516966 -0.743379461 1.076160681 
1326.378159264 359.233821881 748.169657038 1.051316375 -0.586552647 0.956122038 
1327.441426154 357.303630671 749.982960932 0.992241192 -0.686549783 0.543867787 
1329.121215627 355.121750426 752.680127222 1.777443789 -0.869887847 0.587742529 
1330.813704023 356.993672527 751.959872658 1.104822713 0.537617435 0.969777781 
1332.542903342 359.045124778 753.245500470 0.464655442 0.165912084 0.411273466 
1334.064163654 359.189143596 754.113666678 1.086745452 0.220902191 0.154824583 
1335.369935409 358.595887283 755.465545011 1.047103076 0.281422991 1.712395599 
1336.467726594 360.041241526 754.929761021 2.059117028 -0.013703815 0.404305252 
1338.109046637 359.901754458 755.999300902 1.239714582 0.275690723 0.418988467 
1339.820741646 359.179300322 759.089610821 2.168122631 -0.094804679 1.560536067 
1341.025436651 358.902261670 757.537414792 2.090369934 0.323868818 1.031152560 
1342.065416787 358.890877581 759.453523250 2.281507523 -0.262090509 0.789459693 
1343.597976159 361.722682164 760.213631061 0.719711630 0.346076038 0.638204453 
1345.104018494 361.933561222 760.849667056 0.568549164 -0.702512426 1.687108270 
1346.343263367 363.475971040 761.696276234 0.820742444 0.255830650 0.732989075 
1347.487593493 363.633166632 760.166267742 0.734839736 -0.394938414 1.304314918 
1349.138508564 361.708982313 763.194942098 1.270755439 -0.010321554 0.120561919 
1350.315681168 361.364517101 763.916267386 1.216599374 -0.180508348 0.208862899 
1351.682243727 363.501448169 765.323645706 0.494061386 -0.310831353 0.753248391 
1352.768502219 365.400344625 765.354985015 1.776246732 -0.042871415 0.294275632 
1353.982930508 364.308977464 765.745941155 1.229648510 -0.718079288 2.255236279 
1355.080462894 365.986245772 765.284262240 1.306150668 -0.299974807 1.005822546 
1356.832776469 365.901987064 768.305216027 0.737065447 0.375387562 0.634296314 
1358.003727600 366.127771969 768.075914931 0.559975324 -0.420851302 0.351149060 
1359.575439287 366.197590295 769.537873098 1.209687533 -0.541562004 0.578884902 
1361.019357540 368.026877283 770.389180723 1.559549760 0.402776308 0.542952530 
1362.248781392 370.413927803 770.738832202 1.837959963 -0.188270042 0.222016687 
1363.483739600 368.027417855 771.549989435 0.472377618 -0.153338758 0.638666405 
1365.277831490 366.401670380 773.139622232 0.907613039 -0.240962090 0.076945299 
1366.585420111 369.085203777 774.572138766 0.689240862 0.003572156 1.172327460 
1368.386933079 368.227047323 777.143840425 0.563897694 0.420441593 1.673405685 
1369.589647909 368.175164900 775.645568829 0.596977281 -0.210048312 0.078222393 
1371.554288401 370.525020790 776.894352441 1.290162764 0.515949913 2.006018124 
1373.489917952 369.800874773 778.111951622 0.532804466 0.632025239 1.524850243 
1374.537347900 372.550527147 777.332056957 2.497271189 -1.002428531 0.894266142 
1375.747083494 370.263699687 779.466185121 1.051630576 0.085955005 0.476173338 
1377.429227638 370.090542656 779.104064036 1.000644958 0.546385677 0.963286134 
1379.065301356 371.408987403 779.754697337 0.310422427 0.469662493 1.484908942 
1380.683485222 371.948619471 781.832437459 0.102883188 0.237356353 1.018938392 
1381.933533264 371.637923541 784.669577244 0.483008117 -0.319327255 1.187644891 
1383.237354371 372.854758884 783.981570614 0.069426690 0.197081817 1.223002565 
1385.166585045 374.172528835 783.364913495 1.065549909 -0.955709753 2.456741327 
1386.476806881 375.686407211 784.292751735 1.836741250 -0.292020598 1.668505952 
1388.222268027 374.314402693 787.328165352 0.058989845 0.243647899 1.013588680 
1389.797068050 374.788004999 785.167344769 1.546082786 -0.045497286 1.956637241 
1391.077893969 373.991728264 788.572788646 1.309667031 -0.225720428 0.204005670 
1392.643151237 376.516540611 789.106037873 1.499668561 -0.024513253 0.099079359 
1393.770710030 376.265217502 790.697127789 0.275235681 0.375379229 0.605757279 
1395.042323414 375.794839386 791.349235222 0.719619151 0.450792272 1.963480307 
1396.529718445 375.038874295 792.344630590 1.386892778 -0.770997111 0.436512454 
1397.920895716 376.956383582 792.106693708 1.690632515 -0.423977145 0.706691275 
1399.522970020 370.235499989 795.382451064 2.924166904 -0.826106874 0.492243132 
1401.182422874 377.978777056 794.169115222 0.602422153 -0.361262570 0.908137214 
1402.613834829 378.211381586 795.046294511 0.483968160 0.078122221 0.462813327 
1404.156613485 377.396855143 797.083328174 0.915280506 -0.654429753 0.767496000 
1406.022669739 380.025217243 797.317207932 0.775968859 -0.343580400 1.802286931 
1407.356806163 379.011052363 798.082024586 0.724725581 -0.436230159 1.002066989 
1409.265025297 380.651467499 799.745295335 1.564961246 1.310970873 1.590470362 
1411.079923758 380.440866468 800.665101322 1.199107498 -0.571365078 1.366246832 
1413.043429094 380.803788287 799.690359126 0.989210791 0.086500929 1.535097056 
1414.312769776 381.522637967 802.256012017 0.579357972 0.028623261 0.229715963 
1415.751848872 379.961592861 803.865823137 2.003949692 0.067027290 0.817077432 
1417.717746298 381.922740886 802.455988215 1.058779611 -0.068354092 1.342543002 
1419.289573468 385.076394326 804.794284207 2.295462116 0.159468863 1.154391016 
1420.562352367 383.822259901 804.465119123 1.532874122 -0.384693461 1.537512146 
1422.344522149 383.036910657 806.713080250 1.158179522 0.556256869 0.399410729 
1423.403273262 383.882445997 808.121785932 0.200885758 -0.513591909 1.828525271 
1425.307300448 383.959745351 805.337310225 1.061037212 -0.111850536 2.931230543 
1427.051065613 386.448149644 810.136838583 1.099280623 0.016512768 0.235006159 
1428.464468477 385.502701245 809.867674802 0.141429787 -0.196706649 1.283700608 
1430.015082564 387.106514027 812.891662251 1.171890833 0.148178172 2.847057045 
1431.258957027 387.297319835 816.051334918 0.577644532 0.216336952 2.564393630 
1432.950695161 385.868190969 813.464660852 1.480175649 0.262098107 0.847706206 
1434.579956387 387.622321557 814.079237647 1.406392541 -0.888849132 2.085501026 
1435.857397912 386.021106802 813.461240849 1.201553618 0.854634071 1.424670263 
1437.569307925 385.473002244 815.446029616 0.745227243 0.215223006 0.131358128 
1438.658700997 388.248659146 817.804992787 1.968285572 -0.952739315 1.221602337 
1440.275725623 388.834821921 815.075082471 1.484124480 0.046562640 1.830871718 
1441.991281633 389.748937490 817.656775715 0.535976069 -0.368995911 1.450893551 
1443.902902304 392.806136667 821.112716620 1.564294522 0.278455787 1.919002952 
1445.871766289 389.253070776 824.536257809 1.185803659 -0.747897286 2.896405806 
1447.722624253 391.310987600 823.735318680 0.293867044 0.369373118 1.715400839 
1449.384291701 393.717082096 823.771165840 1.902606133 -0.558156375 1.367447893 
1450.387720651 392.091902964 826.276255445 0.817206181 -0.000765810 1.228939659 
1451.739205874 392.625205041 822.785696442 2.164713215 -0.622347759 2.371314021 
1453.273319792 392.544911651 825.093911777 0.274591318 -0.303554208 2.183527085 
1454.330995645 391.846675235 825.535069723 0.884589462 -0.221576065 1.100166687 
1455.331650931 393.091243858 826.579260949 1.034922288 -0.281701642 0.300748554 
1456.426966971 393.227597218 827.514384042 0.028151066 -0.063648320 0.459039742 
1458.419555056 392.605148742 827.056400040 0.449848996 0.577943286 0.817153377 
1459.561131012 393.955476126 829.659937105 1.356444174 -0.518870013 1.171979629 
1460.904967013 395.129788340 829.886062458 1.135300475 -0.177635427 1.021186588 
1462.780144539 393.851028645 830.836247944 1.321551627 0.677035189 1.308870667 
1464.559400698 391.773250159 832.246281738 2.080227655 0.076646915 0.277661019 
1465.729443653 395.645789647 832.694783025 2.069134820 1.355863432 1.230769293 
1467.700584902 395.791816491 835.922318522 0.551097494 -0.248099871 0.979166443 
1469.430104614 398.219311268 834.196789767 1.755839932 -1.334174236 1.147011833 
1471.292675065 396.594130057 837.246468083 2.092246992 -0.216232626 1.136453896 
1472.520734701 398.078335723 838.280997605 0.960742084 0.467197260 2.420021768 
1474.404040897 400.249286589 836.722956889 1.766183342 0.224279524 1.715826316 
1475.540360899 397.362535041 837.690422786 1.437436295 0.291702793 1.614258143 
1477.134123380 400.277482656 839.544465833 1.510928661 -0.344404988 0.428470637 
1478.639338761 400.767203949 841.800537159 1.788914312 0.528718128 1.011311240 
1480.010102549 400.918038707 847.725473049 0.302275166 0.488762949 2.565382554 
1481.073852385 399.519513592 841.746756450 0.537220687 0.087074417 2.141207835 
1482.513520298 398.624551974 844.174953931 1.405615710 -0.192799724 1.419478852 
1483.682356363 398.507933376 846.064001196 1.074447233 -0.833853320 1.243772977 
1485.047780161 400.902556637 844.580403805 1.723438364 1.008738907 0.842579307 
1486.949917389 401.581354271 845.889704768 0.585695085 -0.035757786 0.433540452 
1488.409474111 402.215038825 846.546887683 0.146466428 -0.199918695 1.647043173 
1490.348143762 399.844922222 845.840616976 1.621160717 -0.377389855 1.666870178 
1491.603808137 405.040138934 848.915276174 3.194063383 0.191414233 0.700601086 
1492.804740243 402.791267285 850.984377055 0.776114571 0.473509082 2.191918331 
1493.875803291 404.024097269 852.576531621 0.385824181 0.086549226 1.565389084 
1495.553615694 405.377034194 852.536856447 1.551519463 0.910513886 1.288615751 
1497.513954107 405.949554835 853.413589307 0.908655056 0.949366402 1.606122417 
1499.090394093 406.962264535 851.960334767 1.674291004 -0.258803861 1.007196916 
1500.542560408 405.848413354 853.942299261 0.863862106 -0.081661757 0.971888928 
1501.761785777 403.998113736 853.175523075 0.938908159 0.592350160 0.629722750 
1503.241411744 407.256624966 855.870427035 1.548248413 0.709473142 0.587252925 
1504.972406357 406.856911957 857.505947985 0.040067511 0.045801415 1.964179926 
1506.097045348 407.845247184 854.401186827 0.458840280 -0.163298786 1.190192951 
1507.614649563 412.965765703 858.835644519 1.955169767 -0.215760061 0.753845435 
1509.107032340 407.678015671 861.043816406 1.109685809 -0.287647196 2.034203883 
1510.937757600 409.044300258 860.721861365 0.979503969 0.275029088 1.489322173 
1512.447632596 412.434850040 861.477413162 1.763617152 -0.082776060 0.435922456 
1513.998405192 409.414386852 861.945108411 0.802940812 -1.009449468 1.277997345 
1515.900745514 410.835923601 863.219444996 1.001523500 0.274564569 1.100128754 
1517.667900485 411.169624389 864.197557331 1.156693318 -0.725308002 1.356011655 
1519.144506772 410.915878530 864.856752654 0.552415517 -0.817246988 1.336525929 
1520.429737947 411.007441566 866.039349501 0.487503534 0.072558895 0.331391689 
1521.502508912 412.609791610 866.183024876 2.067486161 0.599625104 0.694745742 
1522.546121838 411.175811641 866.267099131 1.283731262 0.144360592 1.310733932 
1524.287267651 412.681984059 867.560751853 0.658677510 -0.292126605 0.541870378 
1525.926106026 413.653072994 869.936640245 0.502645125 0.290263561 0.392413316 
1527.116409541 411.315983598 869.027754155 1.559319890 -0.168124085 0.630549983 
1528.822613262 414.698165351 870.414531108 2.682505522 -0.581929019 0.771238471 
1530.215401972 414.308928972 870.617487396 0.773363616 -0.300812449 0.668398047 
1532.200172711 414.213335348 870.482210835 0.390059002 0.198586987 1.810477203 
1533.538330912 413.190595360 873.093493050 1.777108136 -0.121047983 1.347009494 
1535.460124736 415.897775379 873.869547397 0.379744497 -0.712227931 1.527336624 
1536.552614237 414.714346755 875.589235470 1.001007324 0.462431484 1.764369746 
1537.698277097 416.170770241 876.283731127 1.858656858 0.718875611 0.481914641 
1539.422391742 415.369219275 878.766598534 0.773177811 -0.571237377 1.044103801 
1541.295901107 419.148608622 878.886284684 1.725738284 0.019410330 0.215480054 
1542.812566738 418.501226187 879.020545211 1.869469147 -0.887464843 0.767956618 
1544.426498672 417.839845323 880.466617136 2.026404302 0.298244725 0.364986477 
1545.636783470 416.557182886 880.962762108 2.360494501 0.618684488 0.353036983 
1547.167748631 417.744245577 878.460709088 0.490663248 0.398547026 2.451814194 
1548.449109712 414.572099117 883.225034065 2.459865224 -0.006884768 1.188923714 
1549.543104023 419.969964762 883.131854529 0.688228860 0.500342310 0.897712634 
1551.231461190 417.740393135 881.588265155 1.273076898 0.656177593 1.441131591 
1552.576344593 418.616804414 884.366660382 1.444765081 0.577611272 0.406443573 
1553.653322403 421.486102609 885.636240103 1.141719296 0.059158734 0.869177739 
1555.149225225 423.619197685 884.076853593 1.155256641 -1.113187852 1.595236556 
1556.696817944 417.176398997 887.265392468 1.742052460 0.182958295 0.117293494 
1558.204248443 421.884922846 888.534948777 0.315062729 0.135679169 1.685627057 
1559.742006886 421.861794223 888.628009850 1.850185150 0.301938607 0.796222197 
1561.649171269 422.473158157 890.784257291 0.834199688 0.308764437 1.486925245 
1563.158322232 421.862798484 890.421044799 0.476665633 0.320931880 0.940975695 
1564.213098942 420.383211995 896.808379892 1.989017688 0.282347442 3.239363495 
1565.491893603 423.944031223 893.180602680 1.025817081 -0.022628689 0.470683923 
1567.450387442 423.838168951 893.001936560 0.579909686 0.226502354 1.203675680 
1568.992845455 424.115300779 894.999549934 0.582042425 0.065695051 0.210122997 
1570.120194778 425.493952631 897.523977208 1.141081797 0.194205704 2.037503842 
1571.962230909 424.140240661 897.244985385 1.120842006 -0.361985631 0.626635500 
1573.166923819 425.322460185 897.620393448 0.881395021 0.264775349 0.561760440 
1575.014359254 424.143520220 902.360424034 1.138335598 -0.980911329 2.037301964 
1576.702538575 427.610735053 899.104893938 0.713018146 -0.387066494 0.880299579 
1577.744550877 425.182872624 903.500428133 1.562152997 -0.521147020 2.909284571 
1578.915448846 427.788517063 902.694572527 1.461260568 -0.148743312 1.017186828 
1579.989208230 427.791704829 901.627500562 0.318289740 -0.048607818 0.012170897 
1581.029832832 428.205410042 902.322732870 1.281526181 0.468166507 0.254985300 
1582.987290569 430.558548180 902.461996075 1.684458645 -0.302647858 2.016076373 
1584.130479472 428.370922946 904.663452997 2.111750717 0.193045075 1.179249611 
1585.889263467 429.332427685 905.023740154 0.990134658 -0.546458425 1.107744097 
1587.373969650 431.257570987 906.628844743 1.501397012 0.590611644 2.020713328 
1588.424049975 431.696273723 904.141137459 1.158334514 -0.591645304 2.037017624 
1589.739412808 430.801222945 908.576621254 0.494127438 0.811401721 2.087814880 
1591.212859082 431.773763351 907.110877104 1.437760540 -0.489752858 1.156557449 
1593.047556592 431.991054452 909.192132462 2.576791162 0.451119532 0.577222679 
1594.387051766 429.538252271 908.536324069 2.162448670 1.023212037 1.063470272 
1596.020221618 431.916053808 911.026879591 0.695995860 0.319937243 0.205808589 
1597.442102065 434.514276796 912.283096861 1.767689628 0.287962712 0.572104941 
1599.408988362 433.074213433 913.086178557 0.629202889 0.090187139 1.169640863 
1601.021707988 431.105395302 915.039896661 2.340777816 0.010761497 1.852150915 
1602.765391767 433.875284203 915.471306149 0.717087221 -0.411469161 0.601419211 
1604.175399146 434.561529172 912.890965394 1.449559368 -0.063677632 1.754823979 
1605.487165196 434.217439473 916.904299110 1.501109325 0.355088722 0.334545850 
1606.978483723 434.696850554 918.430574451 1.098429506 -0.381234867 1.436240408 
1608.915341767 436.161398305 918.782937457 0.398292341 -0.361285468 0.611171459 
1610.600300263 436.965465081 919.671314712 1.329738664 0.295857588 0.414586004 
1611.747176221 440.342294768 917.837459257 1.338427218 -0.905882314 1.011176201 
1613.120227802 441.032761636 923.163606695 1.330571354 0.251714176 0.748386286 
1614.565102657 436.870573715 921.987783658 0.934207145 -0.254823184 1.309747606 
1615.733389433 436.496881128 922.844534010 1.031307648 -0.152477633 0.589015258 
1616.770674080 438.547185783 923.027548262 0.909995916 0.154810866 0.922939389 
1618.051127983 437.951723747 924.155768193 1.778637451 -0.594315967 0.626209530 
1619.077303017 437.813029602 927.261837662 0.467609707 -0.665479319 1.697094548 
1620.555113030 438.276939744 924.487524529 0.682613349 0.979470825 1.588182366 
1621.581114581 439.721325188 927.051458781 0.203083215 0.239089060 0.433841946 
1622.891872353 440.257493308 929.257213365 0.423536330 0.135450242 0.636347246 
1624.891418744 441.180965859 928.811839480 3.018847458 0.495644020 1.414958057 
1626.040461294 441.119290327 930.666439242 0.188627115 0.534670561 1.861126555 
1627.900376716 439.823667773 931.445596449 1.871003277 0.171280881 0.987031661 
1628.908751704 439.192781143 933.683832250 1.038273976 -0.786500707 1.248101679 
1630.129598442 442.862218248 934.645922373 0.782972216 0.284595896 1.931503098 
1631.618174893 441.806956124 932.052932428 1.204075987 0.431927259 1.292135677 
1633.379611923 443.857770416 933.979539586 1.374863154 0.376704347 0.232891019 
1634.954979600 442.664248872 933.876897367 0.835503899 0.419388137 0.748978761 
1636.812531153 444.380357289 935.887070451 1.142361992 -0.403530494 1.214906971 
1638.291492780 444.386707177 936.774100655 0.906512420 0.392110338 1.916287238 
1640.100578332 444.147273748 938.147738755 0.647343449 -0.031691199 0.551720967 
1641.501135982 443.523739835 939.967137594 1.253000590 -0.169473183 1.137358608 
1643.022788930 445.778109033 939.914738543 0.464519659 -0.004669783 0.469259952 
1644.470582448 445.964420854 939.385978777 0.695924753 0.260750789 0.916034987 
1645.572370527 444.488642582 940.411065605 1.812721857 0.582129022 0.919608016 
1646.701557330 446.719686495 941.468755116 1.278601610 0.869915555 1.318536961 
1648.148487271 446.630268717 943.075468796 0.231621068 -0.362542863 0.924184473 
1649.540845372 447.147383647 943.263278501 0.457873999 0.384351955 0.465444654 
1651.116159782 447.377880012 945.462805786 0.686089586 -0.485924158 0.926316070 
1652.944358922 447.791203018 943.488735376 1.382054585 -0.266279536 2.023721262 
1654.821871993 449.563782482 948.413770399 0.603664603 0.018210918 1.606461882 
1655.891042738 449.391811672 946.362522035 0.665372877 -0.102080547 2.295790314 
1656.997647181 452.225918359 949.872002709 1.945237346 0.459771867 1.912929725 
1658.128502566 452.307398564 948.777318839 1.382061922 0.137438182 0.226716731 
1659.413269789 448.718573546 947.929033917 1.546213514 1.103821154 1.992903271 
1660.803066757 450.118495999 951.074791151 0.472329901 0.204592061 1.469722992 
1661.838469069 448.944842515 952.038362145 1.393151333 -0.644414556 0.519761691 
1662.902627575 450.774020933 951.768414874 1.312926989 -0.924119998 0.767449809 
1664.632552686 449.847884333 957.941836544 2.149278728 -0.499038489 2.144738204 
1666.111234118 448.577649887 957.265033842 1.927295157 -1.649988502 2.050520266 
1667.275212851 450.721230862 953.082039940 1.520932548 0.282222928 0.484802134 
1669.084938714 452.933300070 955.170664879 0.169248671 -0.058140905 0.338627789 
1670.279454048 453.278544188 955.500518649 0.357471566 -0.293056854 0.443709910 
1672.202228675 452.637834782 956.593543021 1.211510383 -0.060436425 1.218455199 
1673.836865631 454.258088550 957.522290924 0.620516944 0.329856133 0.630107792 
1675.092403912 454.564839397 959.959143072 0.796188034 -0.028032780 0.936658290 
1676.109306007 453.715172040 958.868545650 0.923720538 0.011927858 1.319054512 
1677.864632806 456.477427169 959.438624284 0.539394638 -0.339463557 0.525156100 
1679.860225836 455.914953707 961.041186301 1.127756009 0.156218713 1.497926053 
1681.678868295 459.095270505 963.150293622 1.162140413 -0.121222076 0.472405161 
1683.099764326 457.669187584 962.568687193 0.887878736 -0.857495848 0.843483603 
1684.850328497 457.311723328 965.249822805 0.911671082 0.080365032 0.651083709 
1685.909158411 457.665932552 965.137009210 0.157673546 -0.192075595 0.680531859 
1687.874288991 458.729083411 968.565004080 0.231873589 0.617092952 1.913416044 
1689.118347990 457.759350005 968.308426618 0.574649466 -0.750153772 1.520084770 
1690.609571607 459.123703653 967.871586932 1.035299983 -0.431474920 0.208182818 
1691.915622252 457.741188644 968.398754182 1.982099238 0.961055732 2.036217002 
1693.063774944 459.799843332 969.692043413 0.490678707 0.362309729 0.520658486 
1694.785818009 459.517684231 968.638415578 0.169639955 0.381716426 1.621009255 
1696.104460721 460.162286027 969.736751153 0.081818933 0.056543323 1.136321484 
1697.220772218 462.560492290 970.837240869 2.186015444 -0.604532873 0.659290268 
1698.836133296 460.587485756 970.509703167 0.187461180 0.216926400 1.404351501 
1700.299457881 462.457150757 975.499654612 0.545786445 0.513999263 2.302663644 
1701.462645038 462.788319429 974.053081992 1.601352977 -0.557796492 0.539516649 
1702.819145875 463.207716398 975.391901764 0.935136732 -0.503023080 1.231610598 
1704.588372665 463.363381566 975.951523626 1.688168066 -0.299684792 0.481418856 
1706.485036766 463.403898748 975.303810481 0.169702044 -0.134017407 2.461872838 
1708.005141897 463.650300549 978.436022717 0.722617274 0.600883817 0.626257298 
1709.872000497 465.471016830 978.898001191 2.550186524 0.195224987 1.276528623 
1711.849150196 465.113118729 980.554273822 1.110516159 -0.013876083 0.180511922 
1713.575933670 465.124448532 981.697087006 1.258645154 -0.103057227 0.650960913 
1714.839744638 463.446880577 984.656744348 1.901100439 -1.062331746 1.737546664 
1716.002294018 467.512852553 982.917169372 0.764398192 0.104985128 0.515657531 
1717.338007082 466.548169309 984.427829718 1.294644232 0.240663198 1.703405634 
1719.023954936 466.679627298 982.122332570 0.415112517 -0.111471786 1.283267542 
1720.223032836 466.945947855 983.804498702 0.753074879 -0.336680841 2.471579732 
1721.379292438 466.914911962 984.153344566 0.388855272 0.397520730 0.993887545 
1723.263692594 468.153236961 989.847283262 0.081242932 0.093879736 1.933801084 
1724.483780018 467.712619388 987.095431512 1.336898752 -0.048864073 1.635248518 
1726.274020618 469.854924800 988.465895057 0.948633353 -0.673790409 0.818415953 
1727.324666484 468.754666360 990.338564374 0.199509584 -0.160511302 1.784257243 
1728.562410242 469.206736668 990.253405463 0.146448203 0.123433676 0.382248702 
1729.879040922 470.364138537 991.109451696 0.577304760 -0.301252513 0.540859506 
1731.066101865 470.218666865 992.200296286 0.540778367 -0.728296650 1.520860628 
1732.454653924 470.656169668 994.708942113 1.124820473 0.382605469 2.188668055 
1733.620324759 472.630630034 993.012052872 1.798814166 -0.012889696 0.691643824 
1734.746959766 472.469813790 991.278307623 1.808346918 0.211342665 2.196342513 
1736.175971005 471.009995054 995.894427107 1.474514473 -1.119461154 1.186020310 
1737.680316234 472.182524903 995.975342112 0.887476082 -0.345194509 0.730824686 
1738.998450497 472.283800410 997.418816860 0.181167131 -0.360117034 1.410079215 
1740.371332947 472.956365773 998.471341873 1.547090380 -1.301484326 2.995944280 
1741.596873226 474.876402605 1000.015810591 2.001568942 0.189980452 2.651819913 
1743.135460067 474.948177602 1001.829256570 1.068957847 0.729226935 2.506380989 
1744.503412050 472.783404128 1000.152856871 0.966478806 0.046637685 0.790398987 
1746.277237699 476.001451976 1002.370374196 1.555345186 0.919600975 0.571691495 
1747.967258141 474.505554291 1000.864047490 0.075768895 0.180764415 0.934163872 
1749.077611826 474.586940508 1003.692088455 0.221475993 -0.207092482 0.240062353 
1751.006987104 476.512642974 1004.254435064 1.433308711 -0.041655494 0.051688856 
1752.933703719 477.708252502 1001.958700175 0.733771083 -0.469234877 2.042862810 
1754.161891039 476.984628198 1005.320943721 0.777954924 0.254286551 1.873453110 
1755.847895802 476.314972808 1007.368826739 2.601531827 0.405815399 1.469035046 
1757.367244544 477.211659406 1006.672817347 0.398948837 0.431154375 1.633782761 
1759.121779213 478.717739412 1009.883674464 0.513133120 0.320987168 1.125141145 
1760.450686701 477.641407494 1011.882104583 1.648617424 -0.289792337 1.288874147 
1761.536311110 477.239528150 1012.191630322 0.997875042 -0.933274219 1.411877598 
1763.486564930 478.054396914 1010.074490418 0.550797856 0.331062464 0.838949528 
1764.809394347 478.740445564 1012.692631834 0.550210878 -0.159267763 1.239466574 
1766.044046129 480.359119943 1013.463591311 1.366399966 -0.183774844 0.178091505 
1767.349640853 481.685083099 1012.958823533 1.434588390 -0.979131192 1.266154842 
1768.388910913 480.840838645 1014.014487912 2.069982808 -0.309023940 0.579450166 
1770.245761470 479.934984604 1016.695234370 1.761692994 -0.869723711 1.141447002 
1771.419810911 483.145527094 1015.704914113 1.935067669 -0.600465245 0.690790901 
1773.030453184 484.272702611 1021.680975675 0.830026981 0.961664451 1.608062317 
1774.586502785 483.024542290 1018.197183018 1.626098023 0.079556102 0.217347045 
1776.306031645 484.051520439 1018.527795632 0.780983349 -0.334378463 0.530819394 
1777.444409216 483.040595274 1019.847816595 1.373148921 0.265236744 2.993185088 
1778.552268747 482.415796305 1019.581083232 0.554096643 0.384268170 1.056510871 
1780.472815147 483.870883092 1021.728009900 0.484670089 0.241268569 1.021349297 
1781.522207321 483.811216275 1020.923581200 0.804919714 0.434037663 1.151700315 
1783.436036469 484.497787675 1023.098954338 0.191132454 0.330912417 0.674927900 
1785.244070199 485.768969495 1022.930645209 0.956494244 -0.295185761 1.332588739 
1786.762271299 487.390423677 1026.162192537 2.188389852 0.537413471 0.296400143 
1788.110487606 486.253670923 1026.324392962 1.356850832 0.281830336 0.271803659 
1789.607851599 486.443579514 1028.757934416 0.701630728 -0.516129190 1.359132813 
1790.947983544 487.689367188 1028.487992697 1.564634026 0.414315279 1.399204322 
1792.043388765 484.492948379 1030.596893262 1.822414439 -1.143220333 0.758722868 
1794.021912320 489.303216359 1030.275991455 0.537571708 0.194780208 0.847270518 
1795.354288466 488.474124200 1031.160932189 0.634129487 -0.114463252 1.846674383 
1797.256729580 488.850991586 1032.233967519 0.464099167 0.526182975 2.020533623 
1798.352558303 488.350959630 1038.991712510 0.476246350 -0.084052007 2.261053870 
1799.887243147 489.720683106 1033.155070826 0.543496060 -0.589406493 0.740523257 
1801.264303024 490.593006432 1034.713183762 1.022253591 -1.087714073 2.345631188 
1802.793215819 493.139048471 1036.015676064 1.617438895 0.384203108 0.098210929 
1804.153798380 491.678936602 1037.650738811 0.875503187 0.808278519 1.503160114 
1805.963852555 494.079222694 1034.954560854 1.603581827 -0.337713141 1.070351881 
1807.861881180 490.755604758 1037.959028845 1.223052540 0.532220658 0.433706480 
1809.368298833 490.963871602 1039.208903633 2.010554459 0.018012842 0.297756135 
1810.942327230 491.177158348 1039.879375075 1.671881799 0.215135020 0.484054329 
1812.564652961 492.606449417 1041.891191726 0.262236874 -0.340401786 0.785671368 
1814.465764859 497.838931705 1040.824175663 1.402591652 -0.212386003 1.399981891 
1815.953262760 493.916136153 1044.150134446 0.174177833 -0.229882276 1.799280269 
1817.830616247 493.930107603 1045.363119603 0.424274884 -0.851807207 1.976550803 
1819.584809461 495.668433682 1044.438650017 0.960803597 0.007618075 0.852128673 
1820.747424701 494.466753312 1045.950212853 1.748845542 0.700476735 0.831620550 
1821.794381761 494.146611090 1048.002924715 0.756293039 0.068776362 1.502759409 
1823.104881748 496.085981861 1046.482701503 0.154652206 -0.049760986 1.200570769 
1824.834709430 496.669661480 1047.971389287 0.319479062 0.037400411 0.715980895 
1825.967479231 497.468645326 1049.759886587 0.825798647 0.187916604 1.551669804 
1827.580146393 495.921323432 1049.457493114 1.056724726 -0.074696669 1.984784024 
